3 0.39921875 0.58046875 0.06328125 0.17109375
3 0.16796875 0.50859375 0.02890625 0.121875
3 0.12734375 0.4375 0.01796875 0.06875
2 0.309375 0.4015625 0.06953125 0.075
3 0.6015625 0.46796875 0.04609375 0.11640625
3 0.7 0.53203125 0.0671875 0.15546875
3 0.7703125 0.540625 0.06328125 0.13671875
3 0.81015625 0.53125 0.05859375 0.12421875
0 0.398216 0.559562 0.056762 0.121903
1 0.817536 0.530690 0.052040 0.134252
1 0.700887 0.547448 0.071638 0.110956
1 0.397710 0.605245 0.068609 0.099875
0 0.170317 0.509582 0.029835 0.113310
