2 0.48203125 0.60625 0.19609375 0.21171875
2 0.21328125 0.45546875 0.075 0.10234375
2 0.92734375 0.559375 0.1453125 0.178125
2 0.77890625 0.80546875 0.4078125 0.3890625
2 0.6046875 0.4578125 0.1140625 0.12734375
2 0.9453125 0.44375 0.09609375 0.125
3 0.27421875 0.63828125 0.05859375 0.1640625
3 0.66875 0.515625 0.05234375 0.1359375
3 0.73125 0.5625 0.07890625 0.153125
3 0.7953125 0.53125 0.0546875 0.14375
3 0.51171875 0.41796875 0.03046875 0.09296875
2 0.303125 0.3765625 0.04921875 0.05546875
2 0.12421875 0.3890625 0.0296875 0.05859375
0 0.283029 0.635542 0.036522 0.122697
0 0.266769 0.625461 0.035822 0.142838
0 0.668446 0.503194 0.044320 0.109286
0 0.735890 0.568060 0.052744 0.148910
