3 0.62734375 0.496875 0.046875 0.12734375
2 0.76015625 0.5859375 0.215625 0.23046875
2 0.8671875 0.528125 0.16328125 0.1890625
2 0.9453125 0.44765625 0.09921875 0.13046875
2 0.546875 0.43515625 0.11640625 0.0953125
2 0.9640625 0.60859375 0.071875 0.2015625
2 0.290625 0.3828125 0.0375 0.04453125
2 0.24453125 0.39609375 0.04765625 0.06171875
2 0.1984375 0.37265625 0.034375 0.03828125
2 0.24140625 0.35703125 0.03359375 0.0359375
3 0.33515625 0.371875 0.01796875 0.0546875
3 0.35703125 0.3703125 0.0171875 0.05078125
2 0.40546875 0.4578125 0.11640625 0.1171875
2 0.3984375 0.38984375 0.0765625 0.06171875
3 0.478125 0.44296875 0.03359375 0.1
3 0.53515625 0.46875 0.0390625 0.10859375
3 0.58984375 0.51015625 0.05546875 0.13984375
0 0.740489 0.610396 0.033257 0.175213
1 0.591503 0.536047 0.063223 0.085906
0 0.276248 0.420565 0.018965 0.074900
1 0.475605 0.458315 0.053178 0.078665
0 0.618423 0.486167 0.028207 0.108016
0 0.680195 0.401093 0.013240 0.048789
