2 0.68046875 0.5765625 0.1828125 0.18515625
3 0.178125 0.4953125 0.02421875 0.10234375
3 0.45234375 0.81328125 0.0921875 0.2546875
3 0.27109375 0.6015625 0.04765625 0.16484375
3 0.928125 0.54609375 0.06328125 0.13828125
2 0.94609375 0.44765625 0.0984375 0.13046875
2 0.45703125 0.48359375 0.13125 0.134375
2 0.48515625 0.42734375 0.11171875 0.078125
3 0.3515625 0.5546875 0.05390625 0.1375
3 0.39921875 0.6390625 0.06015625 0.159375
3 0.55234375 0.71796875 0.1 0.22265625
3 0.790625 0.7859375 0.11484375 0.20625
3 0.83828125 0.9015625 0.1734375 0.196875
3 0.81640625 0.5015625 0.0546875 0.1125
3 0.2546875 0.38515625 0.01328125 0.06171875
3 0.13671875 0.415625 0.015625 0.0640625
3 0.3765625 0.4515625 0.0328125 0.08359375
2 0.32734375 0.3796875 0.06171875 0.05390625
0 0.445058 0.792471 0.076509 0.207972
0 0.546471 0.711302 0.065209 0.189407
0 0.789966 0.788395 0.080253 0.182841
0 0.861625 0.909476 0.131658 0.181049
0 0.267895 0.589749 0.044815 0.127025
1 0.927350 0.567976 0.063046 0.089277
0 0.921535 0.532788 0.041312 0.107080
0 0.393851 0.636289 0.041854 0.119910
0 0.353764 0.551094 0.048804 0.117433
0 0.175328 0.485651 0.023993 0.083726
1 0.278191 0.642391 0.031631 0.081855
1 0.181195 0.525382 0.019033 0.041741
