2 0.465625 0.4703125 0.11640625 0.11875
2 0.26015625 0.39921875 0.0546875 0.06015625
2 0.53671875 0.4375 0.1078125 0.07734375
2 0.946875 0.4453125 0.0984375 0.1265625
2 0.171875 0.41953125 0.06015625 0.07734375
2 0.29453125 0.50390625 0.12421875 0.14375
3 0.396875 0.71171875 0.0765625 0.2125
2 0.34609375 0.365625 0.0609375 0.0515625
3 0.69140625 0.60625 0.071875 0.15703125
3 0.7953125 0.54609375 0.053125 0.1484375
3 0.73359375 0.5703125 0.06015625 0.1484375
3 0.5734375 0.55078125 0.06015625 0.15234375
3 0.11640625 0.45546875 0.0203125 0.06875
2 0.32265625 0.41171875 0.08515625 0.09140625
2 0.215625 0.378125 0.040625 0.06875
2 0.72265625 0.471875 0.12265625 0.1109375
0 0.393779 0.686079 0.064600 0.165124
0 0.683233 0.592931 0.036394 0.144852
0 0.722882 0.566244 0.044270 0.142802
0 0.707220 0.403273 0.021304 0.036872
0 0.695771 0.483711 0.032298 0.072510
0 0.786836 0.538097 0.029577 0.135078
