2 0.67421875 0.5328125 0.1828125 0.2
3 0.1640625 0.4671875 0.02421875 0.0984375
2 0.94375 0.43203125 0.09609375 0.1
3 0.1203125 0.440625 0.01640625 0.06640625
3 0.13984375 0.41015625 0.0140625 0.06171875
3 0.30234375 0.4171875 0.02421875 0.07421875
3 0.38828125 0.41640625 0.03359375 0.065625
3 0.4890625 0.41640625 0.0296875 0.078125
3 0.534375 0.4234375 0.03125 0.0796875
3 0.5421875 0.4640625 0.05 0.10234375
2 0.37265625 0.39375 0.06640625 0.07421875
0 0.163916 0.462223 0.024241 0.076879
0 0.120368 0.442070 0.012432 0.058472
1 0.166280 0.493048 0.020854 0.046471
