2 0.68515625 0.578125 0.1921875 0.19296875
2 0.85703125 0.5265625 0.165625 0.1453125
2 0.94609375 0.446875 0.09453125 0.12890625
3 0.60390625 0.80703125 0.1484375 0.26953125
2 0.46171875 0.4796875 0.13046875 0.1484375
3 0.321875 0.54609375 0.0421875 0.1390625
3 0.18671875 0.54921875 0.0328125 0.12734375
3 0.3984375 0.66953125 0.06953125 0.1953125
3 0.4171875 0.5734375 0.05703125 0.14375
3 0.6296875 0.72421875 0.10078125 0.22578125
3 0.53828125 0.51640625 0.05703125 0.16484375
3 0.3765625 0.45 0.03046875 0.09296875
3 0.1421875 0.54296875 0.0359375 0.1234375
3 0.28671875 0.39921875 0.01484375 0.07109375
3 0.17734375 0.453125 0.0203125 0.0734375
3 0.1640625 0.484375 0.025 0.084375
3 0.1484375 0.40234375 0.01328125 0.05234375
3 0.12265625 0.4421875 0.0171875 0.06953125
0 0.889362 0.659755 0.033894 0.176902
0 0.184347 0.539754 0.029708 0.095279
0 0.139841 0.536209 0.028857 0.086549
0 0.609458 0.813072 0.081973 0.164875
0 0.317316 0.541217 0.035043 0.084121
0 0.396542 0.656454 0.061129 0.151791
1 0.143686 0.577487 0.023858 0.055004
1 0.190278 0.580373 0.022461 0.064223
1 0.322255 0.580376 0.040277 0.068764
0 0.163054 0.472859 0.021446 0.043138
0 0.613661 0.676435 0.073815 0.116940
1 0.427379 0.625309 0.031747 0.075598
0 0.410271 0.551426 0.040962 0.092535
