2 0.42734375 0.80859375 0.31328125 0.33671875
2 0.6140625 0.53515625 0.19375 0.1890625
2 0.471875 0.4078125 0.09765625 0.09140625
2 0.94765625 0.44609375 0.096875 0.1296875
3 0.91015625 0.60234375 0.0734375 0.15859375
3 0.77734375 0.53515625 0.0640625 0.1484375
3 0.8140625 0.51328125 0.05234375 0.128125
3 0.8421875 0.496875 0.0578125 0.1296875
3 0.69296875 0.46953125 0.05 0.11015625
2 0.5703125 0.46171875 0.12109375 0.10234375
3 0.4578125 0.45546875 0.0375 0.1046875
3 0.4109375 0.39375 0.025 0.0640625
2 0.2984375 0.3796875 0.0515625 0.06484375
2 0.2578125 0.36015625 0.0390625 0.05625
1 0.457402 0.470548 0.039543 0.065317
0 0.267683 0.397590 0.015398 0.030447
0 0.918545 0.590788 0.040305 0.133752
0 0.768947 0.535919 0.050061 0.126586
0 0.684973 0.457873 0.021570 0.076809
1 0.777563 0.566256 0.074118 0.082250
