2 0.9171875 0.5265625 0.165625 0.23515625
3 0.67109375 0.8359375 0.134375 0.26875
2 0.4453125 0.45625 0.1125 0.1125
3 0.259375 0.69375 0.05625 0.1890625
3 0.31015625 0.653125 0.05546875 0.1734375
3 0.34921875 0.4953125 0.03984375 0.115625
3 0.1765625 0.51640625 0.03203125 0.1078125
2 0.965625 0.88203125 0.065625 0.234375
3 0.42578125 0.8890625 0.1203125 0.221875
3 0.25546875 0.55859375 0.03359375 0.11796875
3 0.26953125 0.525 0.03671875 0.115625
3 0.2859375 0.50390625 0.03671875 0.12265625
3 0.25546875 0.45625 0.02890625 0.0875
3 0.20234375 0.50390625 0.03203125 0.10390625
3 0.13359375 0.52109375 0.02265625 0.10703125
3 0.1390625 0.45703125 0.0203125 0.07890625
3 0.125 0.46875 0.01953125 0.08359375
2 0.175 0.4234375 0.0484375 0.07265625
2 0.2890625 0.40390625 0.0703125 0.08359375
2 0.4 0.4125 0.07890625 0.07734375
3 0.58515625 0.496875 0.0484375 0.13046875
3 0.51875 0.421875 0.03515625 0.08046875
3 0.65703125 0.5390625 0.0625 0.14296875
3 0.72734375 0.5578125 0.071875 0.15078125
3 0.79140625 0.5375 0.0609375 0.14296875
0 0.438369 0.899433 0.083630 0.201134
0 0.406575 0.880679 0.072278 0.208511
0 0.663566 0.810214 0.079415 0.205839
0 0.691455 0.817479 0.087065 0.201970
0 0.253673 0.667100 0.045499 0.135470
1 0.585892 0.524046 0.058707 0.069784
0 0.343931 0.487722 0.029890 0.094239
1 0.318076 0.697498 0.040911 0.090808
1 0.662293 0.561520 0.074817 0.092512
0 0.200673 0.498230 0.028219 0.085407
0 0.132215 0.513668 0.028772 0.088330
0 0.725125 0.569109 0.046889 0.147088
0 0.303572 0.639270 0.043445 0.128442
0 0.588480 0.510611 0.031867 0.075285
1 0.347690 0.521237 0.040224 0.069248
0 0.177072 0.518823 0.028698 0.076873
