2 0.5875 0.5140625 0.1640625 0.1515625
2 0.46640625 0.44453125 0.10390625 0.09375
2 0.26328125 0.39609375 0.06171875 0.07421875
2 0.94609375 0.446875 0.09609375 0.12734375
2 0.43359375 0.37578125 0.0828125 0.05078125
2 0.3671875 0.4375 0.09375 0.0984375
3 0.63203125 0.465625 0.0328125 0.1125
3 0.72109375 0.4921875 0.04609375 0.1140625
3 0.84375 0.53046875 0.0453125 0.10625
3 0.88359375 0.559375 0.0625 0.146875
3 0.9390625 0.64765625 0.071875 0.15859375
3 0.975 0.70703125 0.04921875 0.17265625
1 0.721277 0.517155 0.059962 0.083708
0 0.639055 0.474041 0.027720 0.055013
0 0.645114 0.413026 0.026873 0.090307
