2 0.94375 0.44765625 0.1 0.1296875
3 0.915625 0.534375 0.06640625 0.12734375
2 0.27734375 0.36484375 0.0328125 0.0421875
3 0.6546875 0.5890625 0.06875 0.16484375
3 0.61875 0.48046875 0.04375 0.115625
2 0.46796875 0.42109375 0.2125 0.240625
3 0.32890625 0.3953125 0.021875 0.07734375
3 0.26875 0.38515625 0.01875 0.06015625
3 0.303125 0.3890625 0.02109375 0.06796875
3 0.81171875 0.5375 0.05390625 0.125
2 0.2109375 0.3578125 0.03671875 0.04296875
1 0.653001 0.613480 0.080059 0.103154
0 0.853319 0.643621 0.043658 0.188954
0 0.650440 0.576502 0.035769 0.142138
0 0.682260 0.561670 0.032268 0.118346
0 0.651046 0.411868 0.017719 0.077663
0 0.913068 0.526413 0.035541 0.103783
0 0.616746 0.398429 0.019877 0.059895
1 0.619067 0.508839 0.041350 0.071944
0 0.716827 0.529909 0.035414 0.090747
1 0.751585 0.644151 0.076994 0.116958
0 0.633088 0.413956 0.019123 0.068683
