2 0.946875 0.4453125 0.1 0.1296875
2 0.271875 0.39609375 0.05234375 0.07109375
2 0.3359375 0.4125 0.04609375 0.06875
3 0.18359375 0.503125 0.03125 0.10078125
3 0.84921875 0.87109375 0.1359375 0.2546875
3 0.35859375 0.62109375 0.0609375 0.1578125
3 0.24921875 0.50546875 0.0296875 0.11015625
3 0.15703125 0.43984375 0.01484375 0.06796875
3 0.75234375 0.62421875 0.08671875 0.18125
3 0.65234375 0.58828125 0.06875 0.15078125
3 0.5671875 0.54609375 0.0578125 0.15078125
3 0.49921875 0.51328125 0.0390625 0.13984375
3 0.43828125 0.49140625 0.0359375 0.1203125
3 0.3 0.4296875 0.02421875 0.08125
2 0.5359375 0.42421875 0.36328125 0.30703125
3 0.82578125 0.56640625 0.0515625 0.153125
3 0.80234375 0.603125 0.06015625 0.16875
0 0.853268 0.883793 0.118655 0.222414
0 0.178257 0.493352 0.025958 0.084321
0 0.247909 0.507267 0.031496 0.089633
1 0.911988 0.614934 0.085686 0.097485
0 0.367031 0.607797 0.041139 0.142468
0 0.744816 0.609609 0.039005 0.166934
0 0.157700 0.430577 0.018176 0.055530
1 0.249902 0.538375 0.030184 0.062604
1 0.157600 0.459586 0.015988 0.038544
0 0.132143 0.397240 0.016585 0.054468
1 0.186139 0.528028 0.025467 0.046042
