2 0.803125 0.809375 0.35546875 0.2921875
2 0.459375 0.46015625 0.12890625 0.1484375
2 0.1359375 0.41875 0.0359375 0.05703125
2 0.94453125 0.44765625 0.0953125 0.134375
2 0.63515625 0.53359375 0.18671875 0.14765625
2 0.17734375 0.46171875 0.0796875 0.0984375
2 0.43203125 0.37734375 0.06640625 0.040625
3 0.6453125 0.57109375 0.07890625 0.16796875
2 0.365625 0.4359375 0.06953125 0.0921875
2 0.62734375 0.43671875 0.08046875 0.075
3 0.2390625 0.45078125 0.02578125 0.0859375
3 0.94375 0.53359375 0.0640625 0.1234375
3 0.21953125 0.56171875 0.0359375 0.1453125
3 0.1625 0.51171875 0.034375 0.1125
2 0.31015625 0.3984375 0.065625 0.07265625
3 0.375 0.47109375 0.03046875 0.11953125
3 0.7515625 0.53515625 0.0578125 0.12109375
3 0.7921875 0.52578125 0.04453125 0.12734375
1 0.943945 0.562445 0.063143 0.079965
0 0.936147 0.529957 0.042892 0.098669
0 0.650594 0.569825 0.056628 0.145608
0 0.216496 0.564009 0.035038 0.118371
1 0.221244 0.616758 0.033989 0.072830
0 0.724249 0.912805 0.095579 0.174389
1 0.162303 0.539856 0.026369 0.060371
0 0.794098 0.512792 0.040744 0.105476
0 0.748990 0.530415 0.027458 0.114283
0 0.667081 0.399524 0.015576 0.052531
