3 0.62734375 0.8765625 0.140625 0.24609375
3 0.33203125 0.75859375 0.0703125 0.215625
3 0.146875 0.58125 0.0359375 0.14453125
3 0.68125 0.590625 0.08671875 0.18515625
3 0.734375 0.53203125 0.053125 0.14453125
3 0.7546875 0.52109375 0.05625 0.13984375
2 0.64140625 0.53203125 0.18046875 0.17890625
2 0.72109375 0.4703125 0.15546875 0.128125
2 0.41796875 0.56875 0.1671875 0.17890625
2 0.22890625 0.5609375 0.10546875 0.1515625
2 0.14296875 0.46640625 0.05703125 0.09453125
2 0.1875 0.425 0.05703125 0.06484375
2 0.31015625 0.40390625 0.07265625 0.07578125
3 0.2109375 0.45546875 0.021875 0.07421875
3 0.503125 0.51328125 0.0484375 0.13828125
0 0.634832 0.889656 0.099723 0.212459
0 0.338469 0.739372 0.059081 0.162945
0 0.687233 0.579594 0.086085 0.153373
1 0.153108 0.618284 0.032970 0.067636
0 0.145556 0.566383 0.036295 0.110237
0 0.503508 0.505964 0.027223 0.091851
