2 0.6421875 0.53203125 0.1859375 0.17578125
3 0.6859375 0.5875 0.08359375 0.18828125
3 0.50625 0.51640625 0.04765625 0.1359375
3 0.91484375 0.525 0.0609375 0.14296875
3 0.846875 0.51875 0.06171875 0.1296875
3 0.7328125 0.53046875 0.05390625 0.1375
2 0.4390625 0.4640625 0.1203125 0.1203125
2 0.58671875 0.459375 0.1140625 0.08984375
2 0.31328125 0.40078125 0.07109375 0.08046875
2 0.24765625 0.3953125 0.0609375 0.05703125
2 0.2078125 0.3828125 0.0375 0.05078125
3 0.28203125 0.41875 0.01953125 0.06875
3 0.303125 0.434375 0.028125 0.09453125
1 0.846071 0.538784 0.063047 0.097115
1 0.683267 0.621355 0.086886 0.114345
0 0.712274 0.476938 0.029209 0.078576
0 0.680315 0.583847 0.062660 0.155163
0 0.501427 0.515903 0.041217 0.129154
0 0.504371 0.429518 0.028832 0.044901
