3 0.73046875 0.53359375 0.0796875 0.15078125
3 0.82265625 0.5203125 0.06796875 0.12734375
3 0.5140625 0.44296875 0.03828125 0.09296875
3 0.49921875 0.42109375 0.02578125 0.0734375
3 0.3953125 0.409375 0.03046875 0.08125
3 0.4109375 0.396875 0.02109375 0.08125
3 0.3234375 0.38046875 0.015625 0.0625
2 0.2734375 0.39765625 0.0625 0.07578125
2 0.1703125 0.4171875 0.05703125 0.0875
1 0.823922 0.548606 0.066300 0.078879
1 0.727179 0.557789 0.072564 0.089244
0 0.391638 0.416768 0.012164 0.042094
0 0.499109 0.416402 0.019592 0.059451
0 0.400977 0.416548 0.012405 0.040066
