3 0.6421875 0.48515625 0.065625 0.1203125
3 0.734375 0.51640625 0.06171875 0.12890625
3 0.62578125 0.46328125 0.05703125 0.103125
3 0.646875 0.35234375 0.0234375 0.02734375
3 0.6421875 0.48515625 0.065625 0.1203125
2 0.93515625 0.61796875 0.1296875 0.2171875
2 0.459375 0.46484375 0.1171875 0.11015625
2 0.94609375 0.446875 0.0984375 0.13359375
3 0.65 0.49140625 0.0546875 0.11484375
2 0.315625 0.3765625 0.05625 0.06796875
2 0.3984375 0.390625 0.071875 0.06015625
2 0.3609375 0.41953125 0.0859375 0.09375
3 0.51328125 0.41953125 0.0359375 0.0765625
3 0.60546875 0.4390625 0.03515625 0.0765625
3 0.646875 0.35234375 0.0234375 0.02734375
2 0.2453125 0.38125 0.0578125 0.06875
2 0.18203125 0.36875 0.03671875 0.04609375
3 0.8421875 0.5578125 0.0671875 0.14453125
2 0.76171875 0.49765625 0.14921875 0.1421875
0 0.728714 0.504561 0.047462 0.110709
0 0.674882 0.425378 0.017656 0.072179
0 0.467321 0.521035 0.023784 0.083234
0 0.654258 0.411488 0.017147 0.076665
0 0.631196 0.402188 0.018908 0.067380
0 0.622069 0.454724 0.029534 0.086491
0 0.606556 0.344932 0.012485 0.036239
0 0.604681 0.425996 0.017608 0.051995
0 0.644661 0.455533 0.016502 0.050789
1 0.649619 0.512549 0.056058 0.075167
0 0.464380 0.391707 0.026385 0.044521
