2 0.56015625 0.4609375 0.29375 0.29140625
3 0.334375 0.715625 0.078125 0.20703125
2 0.94453125 0.4421875 0.0984375 0.12734375
2 0.3859375 0.4546875 0.07421875 0.1015625
3 0.19609375 0.54609375 0.03046875 0.140625
3 0.2453125 0.546875 0.034375 0.1265625
3 0.4609375 0.62578125 0.07734375 0.19296875
3 0.6609375 0.80390625 0.140625 0.26875
3 0.94921875 0.878125 0.1015625 0.240625
3 0.75234375 0.57734375 0.06796875 0.1546875
3 0.13828125 0.49921875 0.0328125 0.09375
3 0.18203125 0.46015625 0.02421875 0.09296875
3 0.15703125 0.41328125 0.01484375 0.06171875
2 0.30546875 0.39609375 0.0828125 0.15234375
2 0.25078125 0.39609375 0.05390625 0.06875
2 0.225 0.3859375 0.046875 0.0796875
2 0.73984375 0.47890625 0.1234375 0.12734375
3 0.80390625 0.5390625 0.06171875 0.140625
0 0.963421 0.857037 0.072356 0.193917
0 0.682742 0.796004 0.087887 0.191316
0 0.133414 0.483523 0.026134 0.068365
0 0.239718 0.534329 0.030682 0.098719
0 0.464699 0.630896 0.072258 0.110954
1 0.193782 0.582954 0.029404 0.062984
0 0.192136 0.543211 0.031612 0.095152
0 0.329036 0.650706 0.043786 0.101553
0 0.156366 0.410105 0.013886 0.047129
0 0.331962 0.725238 0.062936 0.156518
0 0.653951 0.791984 0.077875 0.190405
0 0.461071 0.568597 0.029482 0.057272
1 0.131759 0.517245 0.021869 0.045030
