2 0.44375 0.85390625 0.29140625 0.28671875
2 0.334375 0.54765625 0.140625 0.17578125
2 0.9203125 0.5515625 0.15234375 0.15625
2 0.1703125 0.43125 0.05546875 0.0734375
2 0.46796875 0.4703125 0.11796875 0.11875
2 0.253125 0.39765625 0.05390625 0.05703125
2 0.534375 0.43828125 0.1015625 0.08125
2 0.94453125 0.44609375 0.0984375 0.1296875
3 0.79140625 0.54140625 0.0609375 0.1484375
3 0.69140625 0.60078125 0.07421875 0.1640625
3 0.73359375 0.56875 0.059375 0.14765625
3 0.65234375 0.525 0.0453125 0.1234375
3 0.58671875 0.49921875 0.053125 0.12578125
2 0.3265625 0.41484375 0.084375 0.09140625
2 0.18671875 0.36953125 0.03984375 0.053125
2 0.128125 0.39375 0.0296875 0.05
0 0.527569 0.705276 0.068047 0.136201
0 0.688790 0.590420 0.041244 0.144623
0 0.585272 0.494137 0.036182 0.123050
0 0.639962 0.505183 0.022382 0.090133
0 0.722011 0.568666 0.040922 0.144492
0 0.724866 0.496575 0.039178 0.056830
0 0.223500 0.500937 0.023305 0.048288
1 0.586222 0.521667 0.057667 0.074250
0 0.616358 0.454405 0.023119 0.063076
