2 0.4578125 0.46015625 0.13203125 0.146875
2 0.75703125 0.80078125 0.31875 0.3140625
2 0.94140625 0.446875 0.103125 0.13046875
2 0.59453125 0.52421875 0.1265625 0.15859375
3 0.9234375 0.52421875 0.0640625 0.12421875
3 0.67578125 0.57109375 0.07734375 0.16328125
3 0.7421875 0.56875 0.075 0.1375
3 0.82734375 0.540625 0.0546875 0.13203125
3 0.6421875 0.44375 0.040625 0.06796875
3 0.5609375 0.54140625 0.0640625 0.1421875
2 0.3640625 0.43359375 0.0875 0.1
1 0.920601 0.552491 0.065433 0.077735
0 0.737591 0.570560 0.030803 0.143598
0 0.655075 0.557944 0.029296 0.139774
0 0.680584 0.574583 0.038188 0.156987
0 0.922825 0.524966 0.030845 0.098802
1 0.846444 0.554080 0.036431 0.094840
1 0.771964 0.586654 0.052053 0.076703
