2 0.9484375 0.44765625 0.096875 0.13125
3 0.628125 0.50234375 0.059375 0.1296875
3 0.678125 0.47421875 0.05 0.11953125
3 0.49296875 0.4265625 0.03125 0.0953125
3 0.38984375 0.4296875 0.02890625 0.08515625
3 0.4140625 0.39453125 0.0203125 0.07109375
3 0.2640625 0.365625 0.015625 0.04921875
2 0.190625 0.37265625 0.03359375 0.05234375
0 0.137969 0.491312 0.022956 0.092395
0 0.620627 0.495860 0.037527 0.109736
1 0.493101 0.441393 0.035515 0.048429
0 0.673339 0.465946 0.035135 0.088282
0 0.730526 0.429872 0.016660 0.073955
0 0.488877 0.415132 0.027082 0.067789
0 0.605173 0.409604 0.023766 0.081792
