3 0.8515625 0.5296875 0.059375 0.1265625
3 0.68359375 0.5859375 0.075 0.17578125
3 0.73359375 0.5328125 0.0546875 0.140625
3 0.75390625 0.52421875 0.06015625 0.14296875
3 0.50859375 0.51640625 0.0515625 0.1359375
3 0.27734375 0.421875 0.01875 0.075
3 0.30546875 0.428125 0.02734375 0.084375
2 0.440625 0.46171875 0.1234375 0.12109375
2 0.63984375 0.53125 0.18828125 0.17734375
2 0.58515625 0.4515625 0.11875 0.07421875
2 0.3140625 0.4078125 0.071875 0.07890625
2 0.24765625 0.3953125 0.05546875 0.0578125
2 0.20859375 0.38046875 0.040625 0.0515625
3 0.97734375 0.56484375 0.0453125 0.13046875
1 0.873148 0.536375 0.051817 0.078659
0 0.687312 0.583313 0.042804 0.151064
1 0.756927 0.552885 0.056571 0.088019
0 0.500519 0.512724 0.040154 0.125436
0 0.662106 0.578169 0.026356 0.143342
