3 0.175 0.45234375 0.02265625 0.0953125
3 0.1234375 0.4359375 0.015625 0.07578125
3 0.3578125 0.4546875 0.03125 0.11328125
3 0.5 0.45703125 0.0359375 0.096875
3 0.73203125 0.52734375 0.05625 0.13828125
3 0.7578125 0.51796875 0.059375 0.146875
2 0.6390625 0.53828125 0.1875 0.1875
2 0.7046875 0.484375 0.1234375 0.121875
2 0.4390625 0.46015625 0.125 0.1265625
3 0.28125 0.3859375 0.0203125 0.06015625
3 0.321875 0.38046875 0.021875 0.06484375
3 0.22734375 0.36875 0.0109375 0.0546875
0 0.519890 0.429817 0.022950 0.078905
0 0.174262 0.444766 0.024993 0.064623
0 0.280588 0.377109 0.017371 0.038234
0 0.669046 0.399594 0.014950 0.047463
0 0.497249 0.433020 0.032080 0.051892
0 0.714239 0.409616 0.017145 0.049047
1 0.175169 0.472230 0.023765 0.049735
0 0.742430 0.503379 0.043927 0.107373
