2 0.428125 0.66640625 0.20390625 0.234375
2 0.1703125 0.4578125 0.09453125 0.171875
2 0.28203125 0.3703125 0.04765625 0.0484375
2 0.946875 0.44453125 0.09453125 0.12734375
2 0.4703125 0.4234375 0.21640625 0.2359375
2 0.334375 0.378125 0.05625 0.06484375
3 0.6546875 0.5828125 0.071875 0.16796875
3 0.615625 0.47265625 0.0421875 0.11875
3 0.7796875 0.9203125 0.184375 0.15859375
3 0.84140625 0.51328125 0.06015625 0.125
3 0.26015625 0.3890625 0.0203125 0.06171875
2 0.9796875 0.57109375 0.040625 0.1421875
0 0.772345 0.926395 0.107963 0.146575
0 0.684119 0.562432 0.038251 0.114414
0 0.842243 0.936741 0.062194 0.125796
1 0.652937 0.613567 0.078497 0.102442
0 0.650845 0.576668 0.037617 0.142052
0 0.677123 0.481402 0.031560 0.043561
1 0.850825 0.539409 0.044856 0.082220
