3 0.68203125 0.58984375 0.08828125 0.178125
3 0.5078125 0.51796875 0.05078125 0.140625
3 0.75703125 0.52109375 0.05234375 0.13828125
3 0.73359375 0.53125 0.05234375 0.14140625
2 0.63984375 0.5265625 0.1828125 0.16953125
2 0.71328125 0.47421875 0.14296875 0.11953125
2 0.43828125 0.46015625 0.125 0.12265625
2 0.31328125 0.4078125 0.07109375 0.0796875
2 0.24765625 0.3921875 0.05703125 0.05546875
3 0.278125 0.415625 0.02109375 0.075
3 0.30078125 0.425 0.0203125 0.08359375
3 0.50703125 0.45078125 0.03125 0.07890625
0 0.303267 0.936652 0.082595 0.125832
0 0.501146 0.511473 0.040991 0.123481
0 0.686249 0.578770 0.078297 0.158474
