2 0.78125 0.80625 0.34921875 0.35625
2 0.22109375 0.4765625 0.08046875 0.10234375
2 0.45703125 0.46015625 0.13046875 0.13828125
2 0.9484375 0.44609375 0.096875 0.128125
2 0.59375 0.52421875 0.1265625 0.16328125
2 0.659375 0.45390625 0.10625 0.08359375
3 0.74140625 0.5703125 0.0671875 0.14921875
3 0.6765625 0.56640625 0.07578125 0.15703125
3 0.828125 0.5296875 0.05546875 0.1390625
3 0.26015625 0.4109375 0.02109375 0.08203125
3 0.2734375 0.37734375 0.015625 0.06875
2 0.33984375 0.4203125 0.0828125 0.0984375
0 0.739968 0.566151 0.032325 0.134873
0 0.655348 0.557516 0.031202 0.126839
1 0.795446 0.557996 0.044964 0.096941
1 0.772650 0.586330 0.053113 0.079104
1 0.683502 0.607601 0.092710 0.106088
