2 0.91484375 0.54609375 0.1703125 0.1796875
2 0.26015625 0.3984375 0.05390625 0.0578125
2 0.540625 0.44140625 0.1203125 0.0875
2 0.93046875 0.440625 0.125 0.1234375
2 0.3265625 0.41796875 0.078125 0.08984375
3 0.40859375 0.48046875 0.03125 0.10859375
3 0.453125 0.50625 0.0453125 0.12578125
3 0.53515625 0.51953125 0.05859375 0.15703125
3 0.6015625 0.5546875 0.0609375 0.1640625
3 0.6421875 0.55703125 0.05078125 0.16171875
3 0.6625 0.53359375 0.05390625 0.14296875
3 0.715625 0.60625 0.0734375 0.16484375
3 0.7484375 0.571875 0.065625 0.16171875
3 0.80078125 0.540625 0.05546875 0.153125
2 0.29296875 0.35703125 0.04609375 0.0421875
2 0.47578125 0.40234375 0.06796875 0.05
2 0.22109375 0.3859375 0.05 0.0671875
1 0.804935 0.571555 0.062187 0.087810
0 0.451494 0.493330 0.049273 0.104957
0 0.793145 0.533941 0.036625 0.131378
0 0.639013 0.506625 0.032139 0.050846
0 0.605710 0.526114 0.036358 0.083650
