2 0.746875 0.78828125 0.3546875 0.3484375
2 0.9453125 0.44140625 0.09609375 0.12109375
3 0.7953125 0.54140625 0.053125 0.1359375
3 0.9765625 0.546875 0.046875 0.125
3 0.734375 0.53671875 0.065625 0.1390625
3 0.6703125 0.5140625 0.04765625 0.1296875
3 0.590625 0.44609375 0.04921875 0.1078125
3 0.5453125 0.4671875 0.04375 0.109375
3 0.409375 0.39609375 0.0328125 0.07890625
2 0.24140625 0.36328125 0.053125 0.06015625
0 0.736295 0.545030 0.052440 0.148368
1 0.590555 0.468013 0.045448 0.055412
0 0.786380 0.536572 0.032400 0.136553
0 0.663804 0.501745 0.033295 0.105670
0 0.985705 0.532015 0.027189 0.120956
