2 0.94140625 0.446875 0.10546875 0.13046875
2 0.8609375 0.5203125 0.13203125 0.1765625
3 0.2734375 0.5109375 0.03203125 0.11015625
3 0.39921875 0.684375 0.07890625 0.20625
2 0.33515625 0.38671875 0.0421875 0.06640625
2 0.54296875 0.42578125 0.396875 0.3375
2 0.19453125 0.37265625 0.0375 0.04453125
3 0.27109375 0.38359375 0.01875 0.06015625
3 0.58671875 0.565625 0.06015625 0.16171875
3 0.6859375 0.57890625 0.07578125 0.1546875
3 0.7515625 0.61484375 0.071875 0.18671875
3 0.8078125 0.5609375 0.04921875 0.15
3 0.83046875 0.54140625 0.04375 0.1296875
0 0.271095 0.500337 0.031883 0.095689
1 0.901837 0.615940 0.071535 0.093506
0 0.404599 0.663750 0.069970 0.142039
1 0.761399 0.661994 0.074381 0.102590
0 0.747727 0.612925 0.035406 0.168732
0 0.582289 0.547563 0.045281 0.117139
