2 0.94765625 0.4453125 0.09765625 0.1265625
2 0.246875 0.3890625 0.04375 0.0609375
3 0.91484375 0.55859375 0.07109375 0.15703125
3 0.82734375 0.5296875 0.0578125 0.13984375
3 0.67265625 0.5703125 0.0828125 0.1671875
3 0.7359375 0.56953125 0.07578125 0.16171875
3 0.58046875 0.54453125 0.06484375 0.14140625
3 0.5046875 0.5234375 0.0484375 0.12890625
3 0.46328125 0.49609375 0.03828125 0.11796875
3 0.42421875 0.4765625 0.03359375 0.11484375
3 0.38359375 0.4640625 0.03125 0.10546875
2 0.59921875 0.52109375 0.1421875 0.15546875
2 0.725 0.47109375 0.13984375 0.103125
2 0.4546875 0.45234375 0.13125 0.125
2 0.36328125 0.42890625 0.084375 0.1046875
2 0.29375 0.409375 0.06015625 0.0796875
2 0.3171875 0.3625 0.0625 0.046875
2 0.20390625 0.384375 0.04296875 0.0703125
1 0.582736 0.565270 0.066304 0.101825
0 0.740090 0.571949 0.040436 0.153600
0 0.654332 0.554978 0.028940 0.139253
0 0.907190 0.559769 0.049053 0.150508
1 0.825519 0.560217 0.059074 0.089660
0 0.682529 0.574180 0.042915 0.147065
1 0.464385 0.523948 0.068686 0.082215
1 0.794485 0.567016 0.044499 0.081348
