2 0.2828125 0.3671875 0.046875 0.0546875
2 0.85234375 0.54921875 0.1609375 0.1515625
2 0.4609375 0.39609375 0.109375 0.10703125
2 0.94375 0.4453125 0.09921875 0.12578125
2 0.340625 0.3640625 0.0828125 0.1171875
2 0.24375 0.3921875 0.05234375 0.07109375
3 0.50859375 0.46640625 0.034375 0.1015625
3 0.64375 0.45859375 0.0421875 0.09296875
3 0.69375 0.54765625 0.0625 0.16015625
3 0.6984375 0.47421875 0.06015625 0.128125
3 0.96171875 0.54140625 0.06015625 0.1171875
1 0.963148 0.562353 0.071211 0.079006
1 0.693668 0.568622 0.068588 0.090400
0 0.751399 0.614410 0.032491 0.184691
0 0.693140 0.531452 0.046696 0.113699
0 0.966239 0.532188 0.032156 0.108880
