2 0.4578125 0.46015625 0.12890625 0.13671875
2 0.9484375 0.44375 0.09609375 0.12578125
2 0.5859375 0.5203125 0.146875 0.1640625
3 0.259375 0.49375 0.0328125 0.1078125
3 0.51015625 0.690625 0.08828125 0.19765625
3 0.66875 0.75390625 0.12421875 0.234375
3 0.146875 0.49140625 0.0234375 0.1078125
3 0.16796875 0.43515625 0.0171875 0.0734375
3 0.12265625 0.4625 0.0140625 0.075
3 0.8484375 0.92890625 0.134375 0.14140625
3 0.903125 0.52265625 0.05625 0.121875
3 0.82734375 0.5359375 0.05859375 0.140625
3 0.74765625 0.57734375 0.0703125 0.15703125
3 0.68203125 0.57109375 0.07890625 0.16640625
3 0.528125 0.4171875 0.02734375 0.07890625
3 0.61796875 0.43671875 0.040625 0.07578125
2 0.24375 0.36640625 0.0421875 0.0484375
0 0.686621 0.749623 0.086048 0.220960
0 0.505505 0.669134 0.062838 0.160274
0 0.144697 0.488471 0.021762 0.074815
0 0.260922 0.486916 0.030977 0.094538
0 0.837696 0.933602 0.124606 0.131928
0 0.657431 0.554333 0.029249 0.134842
0 0.123629 0.460608 0.016020 0.074088
0 0.167370 0.429431 0.016299 0.057818
1 0.168388 0.451186 0.015621 0.035093
1 0.153408 0.518370 0.018198 0.055823
0 0.742908 0.566230 0.036484 0.133181
0 0.899712 0.517794 0.036749 0.089088
1 0.264136 0.526741 0.022833 0.047978
0 0.683189 0.574272 0.038946 0.144202
