3 0.48125 0.765625 0.0984375 0.24375
3 0.2625 0.61015625 0.04921875 0.1609375
3 0.2484375 0.46484375 0.02421875 0.08828125
3 0.165625 0.4140625 0.01640625 0.0671875
3 0.13671875 0.38984375 0.0125 0.04296875
3 0.27578125 0.396875 0.01796875 0.06328125
3 0.2953125 0.371875 0.02109375 0.0578125
3 0.34375 0.40234375 0.0234375 0.0609375
2 0.384375 0.5546875 0.159375 0.178125
2 0.46015625 0.48203125 0.11875 0.13671875
2 0.48515625 0.4421875 0.1125 0.109375
2 0.6796875 0.5671875 0.17109375 0.178125
3 0.80390625 0.4890625 0.05390625 0.12265625
2 0.13828125 0.45390625 0.0515625 0.0859375
0 0.249318 0.459312 0.026091 0.082234
0 0.494404 0.756790 0.072382 0.165753
0 0.473760 0.741908 0.057160 0.181632
1 0.263407 0.653086 0.040296 0.082162
1 0.251303 0.490748 0.022968 0.050662
0 0.256927 0.606363 0.037510 0.112411
