2 0.946875 0.44453125 0.09375 0.128125
2 0.603125 0.51640625 0.1421875 0.15390625
3 0.67421875 0.575 0.0765625 0.16796875
3 0.7359375 0.57421875 0.075 0.16171875
3 0.8265625 0.53203125 0.05078125 0.14296875
3 0.76875 0.54375 0.06171875 0.15078125
3 0.5765625 0.54453125 0.0703125 0.1421875
3 0.5078125 0.51640625 0.05390625 0.13515625
3 0.45234375 0.49140625 0.03984375 0.11796875
2 0.459375 0.46015625 0.11796875 0.1421875
2 0.540625 0.4171875 0.0953125 0.07734375
3 0.37109375 0.45859375 0.02890625 0.1015625
2 0.36328125 0.42578125 0.0859375 0.0890625
2 0.29453125 0.40703125 0.06015625 0.0765625
2 0.24765625 0.38984375 0.046875 0.06875
2 0.203125 0.375 0.0453125 0.06328125
1 0.582107 0.573672 0.065349 0.086091
0 0.738141 0.572822 0.036155 0.158926
0 0.654537 0.554444 0.028662 0.133633
0 0.682747 0.576555 0.043789 0.147400
1 0.785308 0.583950 0.030457 0.084722
0 0.662166 0.455222 0.023314 0.053976
1 0.733695 0.601829 0.088853 0.110497
0 0.500985 0.514854 0.028701 0.116212
1 0.680079 0.606354 0.086891 0.103756
0 0.825613 0.531585 0.056665 0.138504
