2 0.3375 0.58203125 0.15390625 0.16015625
2 0.63828125 0.53359375 0.18984375 0.17421875
2 0.43984375 0.4625 0.12578125 0.12421875
2 0.24375 0.38125 0.05 0.06328125
3 0.68203125 0.58828125 0.08671875 0.18515625
3 0.73515625 0.53515625 0.05703125 0.13046875
3 0.7890625 0.49609375 0.05 0.12421875
3 0.7578125 0.5171875 0.05546875 0.14765625
3 0.50234375 0.45859375 0.0296875 0.10546875
3 0.3578125 0.4046875 0.025 0.0671875
3 0.1921875 0.365625 0.01328125 0.040625
0 0.684220 0.578987 0.037689 0.145696
1 0.359447 0.415158 0.021180 0.048418
