2 0.55703125 0.67109375 0.25625 0.2359375
2 0.68046875 0.5765625 0.1703125 0.1875
2 0.21953125 0.4671875 0.084375 0.10390625
2 0.94765625 0.4453125 0.0953125 0.125
3 0.284375 0.6375 0.06015625 0.1828125
3 0.44921875 0.765625 0.09921875 0.24453125
2 0.4546875 0.4828125 0.13125 0.13828125
3 0.2 0.528125 0.0359375 0.13203125
3 0.628125 0.8828125 0.14921875 0.225
3 0.12578125 0.4421875 0.01796875 0.071875
3 0.37734375 0.45234375 0.0328125 0.09140625
3 0.340625 0.4359375 0.025 0.0796875
3 0.790625 0.5421875 0.05 0.13671875
2 0.48515625 0.4375 0.1046875 0.115625
0 0.633506 0.880022 0.114106 0.220021
0 0.449091 0.745225 0.076127 0.165181
0 0.939006 0.708665 0.047687 0.209613
0 0.199294 0.523719 0.031816 0.097719
0 0.278289 0.598758 0.040164 0.098095
0 0.127086 0.433601 0.016723 0.054192
