2 0.67109375 0.56484375 0.19375 0.19375
2 0.94375 0.4453125 0.0984375 0.12890625
2 0.27265625 0.390625 0.05390625 0.07265625
2 0.38046875 0.43046875 0.09609375 0.1078125
3 0.49453125 0.45859375 0.040625 0.0984375
3 0.56015625 0.43359375 0.0375 0.08671875
3 0.61875 0.43125 0.03046875 0.07265625
3 0.8171875 0.5640625 0.05703125 0.15859375
3 0.8671875 0.55625 0.05390625 0.15
3 0.97109375 0.59140625 0.0484375 0.18515625
2 0.76015625 0.50234375 0.12265625 0.125
3 0.48203125 0.43046875 0.02890625 0.1015625
0 0.623305 0.429988 0.027612 0.060114
0 0.499381 0.449948 0.026673 0.079152
0 0.857499 0.545819 0.035433 0.116615
1 0.974666 0.624071 0.049430 0.101280
1 0.495462 0.471209 0.041174 0.061075
0 0.734416 0.415367 0.015299 0.048853
