2 0.50078125 0.42734375 0.115625 0.103125
2 0.59453125 0.52109375 0.1765625 0.1578125
2 0.946875 0.44375 0.096875 0.1265625
2 0.8796875 0.52265625 0.11640625 0.15390625
3 0.91328125 0.8203125 0.1375 0.24765625
3 0.74609375 0.58046875 0.07734375 0.1609375
3 0.828125 0.53046875 0.05625 0.12890625
3 0.4046875 0.421875 0.03671875 0.078125
3 0.35234375 0.40078125 0.028125 0.0671875
3 0.27890625 0.36875 0.01640625 0.04921875
3 0.24921875 0.36796875 0.01328125 0.0546875
3 0.30625 0.3828125 0.01875 0.05546875
2 0.39765625 0.39140625 0.0640625 0.06953125
2 0.17109375 0.36328125 0.03125 0.0515625
0 0.929983 0.804672 0.067960 0.221543
0 0.740732 0.539866 0.028790 0.070556
0 0.673600 0.417075 0.021611 0.076797
