2 0.8421875 0.62421875 0.24296875 0.23203125
2 0.26484375 0.3984375 0.0625 0.053125
2 0.9375 0.4484375 0.11015625 0.13203125
3 0.6625 0.5 0.06015625 0.10546875
3 0.5453125 0.50546875 0.06875 0.1375
3 0.475 0.5 0.04609375 0.1203125
3 0.74453125 0.475 0.04765625 0.08984375
3 0.728125 0.5296875 0.04140625 0.1203125
3 0.63203125 0.4828125 0.04140625 0.1015625
3 0.578125 0.46328125 0.03828125 0.1046875
3 0.490625 0.44453125 0.0296875 0.09296875
2 0.4015625 0.43671875 0.1015625 0.1140625
3 0.334375 0.40859375 0.01875 0.07421875
0 0.661885 0.497544 0.029000 0.097340
1 0.545175 0.531385 0.066237 0.071393
0 0.631758 0.420557 0.019211 0.039625
0 0.575336 0.443350 0.033026 0.064854
