2 0.6796875 0.56953125 0.17265625 0.17265625
2 0.5859375 0.459375 0.134375 0.1203125
2 0.94765625 0.4453125 0.10078125 0.12890625
2 0.68984375 0.81640625 0.3984375 0.365625
2 0.27265625 0.37109375 0.05234375 0.05546875
3 0.88203125 0.521875 0.06171875 0.128125
3 0.7484375 0.478125 0.04921875 0.10078125
3 0.68046875 0.4515625 0.05078125 0.08203125
3 0.5171875 0.42734375 0.0203125 0.0828125
3 0.5015625 0.40859375 0.028125 0.07421875
3 0.4390625 0.4046875 0.03046875 0.0828125
0 0.269448 0.427733 0.012641 0.054434
0 0.670737 0.435423 0.028104 0.071854
