2 0.52734375 0.44453125 0.25625 0.26796875
2 0.946875 0.44375 0.0921875 0.12421875
2 0.27890625 0.35703125 0.046875 0.03359375
3 0.82265625 0.63828125 0.09296875 0.18984375
3 0.88984375 0.58984375 0.075 0.1671875
3 0.9484375 0.58203125 0.06328125 0.1625
3 0.9859375 0.5453125 0.028125 0.13046875
3 0.79453125 0.51796875 0.0609375 0.1171875
3 0.8265625 0.54765625 0.0578125 0.1265625
3 0.6765625 0.503125 0.065625 0.13203125
3 0.2734375 0.4171875 0.02109375 0.0765625
3 0.3828125 0.42734375 0.028125 0.08203125
2 0.32890625 0.4265625 0.084375 0.09609375
2 0.25859375 0.3625 0.046875 0.03671875
1 0.676498 0.529565 0.057602 0.074471
0 0.672016 0.499481 0.038632 0.105219
0 0.890666 0.598664 0.035490 0.152474
0 0.806698 0.623901 0.071175 0.171634
0 0.939869 0.579077 0.046398 0.133542
