2 0.22578125 0.471875 0.08203125 0.12109375
2 0.259375 0.4 0.05390625 0.06015625
2 0.78828125 0.821875 0.4234375 0.34375
2 0.946875 0.44375 0.09609375 0.125
2 0.5359375 0.43828125 0.1078125 0.08359375
2 0.4671875 0.4703125 0.0953125 0.1125
3 0.965625 0.54609375 0.065625 0.1421875
3 0.68515625 0.59765625 0.075 0.153125
3 0.6046875 0.55625 0.0640625 0.1390625
3 0.73359375 0.56484375 0.06328125 0.14453125
3 0.7953125 0.5375 0.0640625 0.1375
3 0.51015625 0.49296875 0.04921875 0.10859375
3 0.53359375 0.5203125 0.05625 0.1453125
2 0.3234375 0.4109375 0.07890625 0.08671875
2 0.21640625 0.3765625 0.04609375 0.06328125
0 0.622386 0.469966 0.032366 0.093049
0 0.680990 0.591811 0.047223 0.144955
0 0.597655 0.550929 0.039756 0.133430
0 0.583036 0.486441 0.033297 0.108855
0 0.964562 0.537859 0.061592 0.120156
1 0.968515 0.577488 0.062156 0.077697
