2 0.51328125 0.6546875 0.23984375 0.24921875
2 0.159375 0.38984375 0.06796875 0.12265625
2 0.94453125 0.4421875 0.0953125 0.125
2 0.67578125 0.45390625 0.1265625 0.0984375
2 0.58671875 0.52265625 0.1515625 0.1609375
3 0.43046875 0.7671875 0.0953125 0.2578125
2 0.45703125 0.459375 0.13125 0.14921875
3 0.90859375 0.53046875 0.0625 0.14375
3 0.253125 0.62421875 0.0484375 0.18671875
3 0.678125 0.575 0.08046875 0.16171875
3 0.73671875 0.57265625 0.06875 0.1703125
3 0.8234375 0.5328125 0.06171875 0.14140625
2 0.3625 0.4296875 0.0859375 0.1
2 0.4 0.39375 0.0546875 0.06484375
3 0.2796875 0.38671875 0.01953125 0.0625
3 0.24140625 0.359375 0.0140625 0.05390625
0 0.421279 0.747184 0.063567 0.182777
0 0.908324 0.515178 0.032546 0.105556
1 0.909599 0.551093 0.063034 0.082202
0 0.741801 0.566716 0.041856 0.145829
0 0.252592 0.612340 0.040177 0.143361
0 0.682955 0.577577 0.044682 0.147784
0 0.654228 0.555174 0.027605 0.136426
1 0.266207 0.670963 0.035476 0.087078
0 0.663047 0.459272 0.022623 0.062624
1 0.733708 0.606149 0.091190 0.104642
1 0.842418 0.564609 0.029195 0.077760
