2 0.68125 0.57578125 0.18046875 0.1890625
2 0.946875 0.44453125 0.09609375 0.128125
2 0.4828125 0.428125 0.096875 0.0765625
2 0.459375 0.4859375 0.13359375 0.14609375
2 0.26484375 0.3953125 0.04765625 0.05625
3 0.33828125 0.43515625 0.01875 0.08046875
3 0.378125 0.4515625 0.03046875 0.09453125
3 0.53671875 0.52265625 0.0515625 0.14140625
3 0.7796875 0.546875 0.05546875 0.140625
3 0.8546875 0.51015625 0.053125 0.115625
3 0.2421875 0.74453125 0.059375 0.2140625
2 0.23125 0.378125 0.03984375 0.0546875
2 0.19453125 0.36875 0.0421875 0.053125
2 0.6328125 0.44375 0.09765625 0.08359375
2 0.40859375 0.3890625 0.06328125 0.0578125
1 0.242291 0.809199 0.041691 0.092906
1 0.860105 0.542331 0.046960 0.062718
0 0.242705 0.729274 0.062884 0.171356
0 0.679889 0.470922 0.033687 0.039718
0 0.748225 0.504528 0.032443 0.094911
1 0.794677 0.569779 0.040760 0.092189
0 0.701634 0.465709 0.022999 0.047991
0 0.660872 0.461194 0.023732 0.041990
0 0.859756 0.516019 0.035933 0.078306
0 0.338833 0.426272 0.022761 0.052965
