2 0.62890625 0.46171875 0.1109375 0.1078125
2 0.9453125 0.44140625 0.0984375 0.11875
3 0.540625 0.68359375 0.09296875 0.20859375
3 0.35 0.51640625 0.04453125 0.1203125
3 0.4375 0.56328125 0.05234375 0.14140625
3 0.18984375 0.53515625 0.03203125 0.125
3 0.290625 0.721875 0.0609375 0.21015625
3 0.2328125 0.615625 0.0390625 0.1421875
3 0.2515625 0.51796875 0.03828125 0.1125
3 0.20546875 0.42578125 0.02109375 0.07421875
3 0.2375 0.440625 0.025 0.06640625
3 0.16015625 0.4515625 0.01796875 0.08828125
3 0.13046875 0.4578125 0.0265625 0.07578125
3 0.4765625 0.4625 0.0453125 0.1125
3 0.53828125 0.48984375 0.05390625 0.1125
3 0.67265625 0.51171875 0.0546875 0.128125
3 0.7296875 0.55859375 0.0671875 0.1484375
3 0.7921875 0.5328125 0.0625 0.153125
2 0.4265625 0.40078125 0.090625 0.08515625
3 0.353125 0.384375 0.02109375 0.06484375
3 0.38828125 0.41015625 0.0296875 0.09296875
2 0.2078125 0.3796875 0.04609375 0.06171875
0 0.556004 0.678726 0.057085 0.157742
0 0.534796 0.666308 0.052516 0.164328
0 0.433399 0.549325 0.038537 0.117799
0 0.286301 0.706281 0.064098 0.171292
0 0.723162 0.571002 0.045448 0.150251
1 0.296020 0.778227 0.052683 0.096961
0 0.185174 0.519840 0.029397 0.098666
0 0.342942 0.501080 0.030655 0.095496
0 0.250190 0.513341 0.029779 0.087679
0 0.230406 0.616313 0.042960 0.119669
0 0.236780 0.442205 0.019405 0.068897
0 0.669751 0.509898 0.050755 0.117028
1 0.437516 0.597164 0.053822 0.078546
0 0.722277 0.497171 0.040351 0.058353
0 0.982126 0.543681 0.034954 0.142567
