2 0.56875 0.51484375 0.15625 0.15390625
2 0.49765625 0.44140625 0.115625 0.10625
2 0.28359375 0.36953125 0.0421875 0.05703125
3 0.86328125 0.65546875 0.0953125 0.175
2 0.94296875 0.44296875 0.1046875 0.12734375
3 0.72265625 0.5171875 0.07109375 0.10546875
3 0.9578125 0.6015625 0.0765625 0.15
3 0.64609375 0.35078125 0.0234375 0.02734375
2 0.3765625 0.453125 0.10078125 0.125
2 0.21640625 0.38515625 0.0375 0.06640625
3 0.65703125 0.4703125 0.05234375 0.1046875
3 0.7703125 0.49609375 0.05 0.1125
2 0.178125 0.36796875 0.0296875 0.06015625
0 0.862448 0.640537 0.044194 0.163047
1 0.655983 0.490409 0.056085 0.068151
0 0.753905 0.482528 0.020392 0.093386
0 0.615548 0.407246 0.019522 0.087627
0 0.962275 0.607008 0.036166 0.127003
1 0.774207 0.517842 0.060426 0.079904
0 0.652781 0.464375 0.029018 0.097501
0 0.710681 0.500227 0.038244 0.113538
1 0.959329 0.635866 0.080478 0.099561
0 0.738366 0.455337 0.014748 0.033951
0 0.657048 0.391419 0.013494 0.044446
