2 0.571875 0.68828125 0.2703125 0.253125
2 0.67421875 0.53203125 0.18203125 0.19453125
2 0.440625 0.46015625 0.12890625 0.13671875
2 0.9484375 0.44453125 0.096875 0.1265625
3 0.75 0.8765625 0.1609375 0.246875
3 0.16171875 0.57890625 0.03203125 0.134375
3 0.19375 0.54375 0.02890625 0.13125
3 0.21484375 0.47578125 0.02265625 0.0953125
3 0.13828125 0.4890625 0.02109375 0.084375
3 0.16875 0.42734375 0.01796875 0.071875
3 0.2625 0.38671875 0.01796875 0.06640625
3 0.2953125 0.37109375 0.01796875 0.06953125
2 0.3640625 0.396875 0.06640625 0.06484375
3 0.66171875 0.5765625 0.06796875 0.15390625
3 0.77890625 0.534375 0.05390625 0.13984375
0 0.753792 0.866565 0.102045 0.233540
0 0.319603 0.466177 0.020798 0.096867
0 0.792396 0.621272 0.038008 0.191787
0 0.161000 0.568696 0.035979 0.071474
0 0.133796 0.438123 0.018322 0.049490
0 0.186690 0.510765 0.030751 0.059245
0 0.166232 0.422948 0.018307 0.050725
0 0.135867 0.475711 0.019942 0.056688
0 0.222833 0.452330 0.024732 0.061518
