3 0.603125 0.55078125 0.0640625 0.15390625
2 0.83984375 0.6171875 0.23125 0.20546875
2 0.94140625 0.44453125 0.09921875 0.12421875
2 0.278125 0.36640625 0.03671875 0.034375
3 0.484375 0.51328125 0.0609375 0.1125
3 0.73515625 0.61328125 0.0859375 0.1578125
3 0.61640625 0.52265625 0.0421875 0.1421875
3 0.946875 0.55078125 0.0609375 0.11796875
3 0.69609375 0.515625 0.05234375 0.146875
3 0.915625 0.57265625 0.05078125 0.11015625
2 0.475 0.46328125 0.14921875 0.1140625
2 0.43203125 0.38359375 0.08125 0.06015625
2 0.321875 0.38515625 0.0421875 0.04453125
1 0.603200 0.583199 0.069009 0.096059
0 0.742648 0.609979 0.041036 0.159601
1 0.485085 0.535780 0.054907 0.080083
0 0.483413 0.499767 0.042027 0.103823
0 0.597025 0.541395 0.029182 0.125105
0 0.656023 0.409430 0.017028 0.073408
0 0.698904 0.525565 0.050092 0.123119
1 0.739673 0.643365 0.088910 0.115425
0 0.543218 0.428676 0.029874 0.057978
0 0.410922 0.394420 0.025313 0.040480
1 0.658480 0.528798 0.023863 0.049909
1 0.698383 0.543246 0.059853 0.095610
0 0.622674 0.522252 0.041005 0.135586
0 0.637597 0.461733 0.027837 0.057236
