2 0.63359375 0.53515625 0.17890625 0.16953125
2 0.459375 0.46484375 0.1359375 0.1453125
3 0.590625 0.7296875 0.1203125 0.2296875
3 0.32109375 0.5625 0.04921875 0.12890625
2 0.946875 0.4453125 0.0984375 0.12890625
3 0.646875 0.584375 0.0921875 0.15546875
3 0.26328125 0.45859375 0.02890625 0.08515625
3 0.64609375 0.35390625 0.025 0.02265625
3 0.75234375 0.5328125 0.0515625 0.125
3 0.8390625 0.50546875 0.05546875 0.121875
3 0.56953125 0.453125 0.040625 0.08203125
3 0.3328125 0.40078125 0.03046875 0.07265625
3 0.26875 0.3703125 0.02109375 0.04609375
0 0.599523 0.708513 0.086791 0.184867
0 0.317788 0.545673 0.036437 0.100243
0 0.263919 0.448627 0.026838 0.076348
1 0.322884 0.587574 0.045644 0.075500
1 0.840402 0.529030 0.064412 0.082558
0 0.595954 0.513279 0.023763 0.078447
0 0.688269 0.480529 0.037657 0.078293
1 0.265736 0.478148 0.024159 0.045800
0 0.585373 0.676295 0.061097 0.090221
