2 0.9484375 0.4453125 0.09453125 0.128125
3 0.678125 0.57109375 0.071875 0.1671875
3 0.74296875 0.578125 0.075 0.1765625
3 0.82578125 0.5359375 0.06796875 0.14609375
3 0.5765625 0.54609375 0.0625 0.153125
3 0.50078125 0.51484375 0.05546875 0.13515625
3 0.44921875 0.49765625 0.0421875 0.12265625
3 0.41171875 0.475 0.040625 0.11328125
3 0.3734375 0.453125 0.0296875 0.09296875
2 0.45859375 0.45234375 0.11640625 0.1375
2 0.60625 0.51796875 0.14609375 0.15625
2 0.59765625 0.4421875 0.1390625 0.10546875
2 0.36640625 0.42578125 0.08125 0.08828125
2 0.28984375 0.40703125 0.06015625 0.0734375
2 0.246875 0.38828125 0.046875 0.0609375
2 0.2046875 0.3828125 0.04375 0.0640625
2 0.3078125 0.36640625 0.0578125 0.04453125
0 0.495773 0.512793 0.035675 0.117079
1 0.587862 0.571750 0.053011 0.098611
0 0.656058 0.558065 0.030244 0.140382
0 0.740213 0.571853 0.037409 0.151644
1 0.734702 0.603084 0.093742 0.111270
1 0.838732 0.557198 0.035562 0.090095
0 0.668716 0.564843 0.054068 0.155806
