2 0.37265625 0.55859375 0.14921875 0.16875
2 0.68203125 0.57734375 0.1859375 0.18984375
2 0.765625 0.82578125 0.4375 0.3484375
2 0.946875 0.44375 0.09609375 0.1265625
2 0.45703125 0.48046875 0.13984375 0.14921875
2 0.8109375 0.51484375 0.14375 0.13203125
3 0.3125 0.6375 0.0484375 0.178125
2 0.46796875 0.4140625 0.13203125 0.10546875
3 0.13046875 0.459375 0.02734375 0.0765625
3 0.534375 0.521875 0.053125 0.12578125
3 0.1578125 0.39609375 0.01640625 0.05546875
3 0.28671875 0.38671875 0.01875 0.05859375
3 0.321875 0.3765625 0.02109375 0.0578125
3 0.378125 0.44296875 0.03125 0.07265625
3 0.7921875 0.54453125 0.05 0.1484375
0 0.127518 0.450718 0.021692 0.063496
0 0.309576 0.617917 0.044452 0.137036
0 0.338316 0.433418 0.023454 0.068410
1 0.314726 0.682933 0.048012 0.089186
0 0.268290 0.425684 0.016115 0.055633
0 0.986065 0.736048 0.027145 0.204012
0 0.156469 0.396130 0.016275 0.045453
0 0.662682 0.457697 0.027007 0.051103
1 0.130697 0.475546 0.019429 0.039305
