2 0.13203125 0.44609375 0.04453125 0.07578125
2 0.26796875 0.3953125 0.04453125 0.07578125
2 0.9453125 0.446875 0.096875 0.12890625
2 0.6421875 0.53515625 0.16640625 0.1328125
3 0.6546875 0.5859375 0.0828125 0.1421875
3 0.39765625 0.64765625 0.0703125 0.17421875
3 0.75390625 0.53125 0.053125 0.121875
0 0.399331 0.629936 0.059368 0.142744
0 0.580429 0.401046 0.023375 0.088892
0 0.654021 0.411073 0.021370 0.074406
0 0.605297 0.404859 0.020702 0.067772
0 0.683854 0.423491 0.018321 0.074652
0 0.646340 0.547459 0.043461 0.095264
1 0.395753 0.686488 0.073035 0.103426
0 0.669314 0.418732 0.020849 0.072518
0 0.635980 0.419998 0.022106 0.072661
