3 0.2265625 0.5015625 0.03046875 0.11171875
3 0.18125 0.46640625 0.0203125 0.09921875
3 0.34609375 0.5484375 0.0484375 0.140625
3 0.26875 0.4890625 0.03046875 0.10234375
2 0.2671875 0.39609375 0.05546875 0.07265625
2 0.940625 0.44296875 0.1046875 0.125
3 0.4515625 0.7765625 0.10390625 0.2515625
3 0.8265625 0.77890625 0.1265625 0.2328125
3 0.90859375 0.89453125 0.1515625 0.2109375
3 0.6515625 0.58046875 0.0734375 0.14140625
3 0.75 0.61328125 0.078125 0.17890625
3 0.57578125 0.54296875 0.0546875 0.14140625
3 0.49453125 0.51640625 0.04765625 0.140625
3 0.396875 0.4765625 0.03125 0.10234375
3 0.3078125 0.6 0.05234375 0.171875
3 0.1546875 0.47578125 0.02421875 0.0859375
3 0.134375 0.45234375 0.01640625 0.06484375
3 0.22734375 0.39140625 0.0125 0.05078125
2 0.32734375 0.41953125 0.06953125 0.08515625
2 0.5359375 0.43125 0.36484375 0.3234375
3 0.821875 0.56796875 0.05390625 0.14765625
3 0.79921875 0.59921875 0.05234375 0.15859375
3 0.93046875 0.57578125 0.05078125 0.13359375
2 0.97421875 0.56484375 0.0515625 0.1296875
2 0.746875 0.5140625 0.05703125 0.10859375
0 0.818376 0.772870 0.084027 0.207897
0 0.455985 0.758913 0.087423 0.193115
1 0.182142 0.482434 0.021839 0.045125
0 0.856414 0.776997 0.096373 0.203646
0 0.304361 0.588531 0.045960 0.138947
0 0.931587 0.897031 0.074514 0.204709
0 0.737534 0.499581 0.028363 0.094125
0 0.180578 0.454684 0.021135 0.067618
1 0.909870 0.607162 0.081986 0.111957
1 0.310176 0.641442 0.056711 0.094158
0 0.744691 0.612495 0.040158 0.156466
0 0.267626 0.457186 0.024070 0.051069
0 0.132720 0.449430 0.018275 0.054636
0 0.150705 0.465917 0.022380 0.066325
1 0.228270 0.534352 0.026566 0.058706
