2 0.25703125 0.49921875 0.0890625 0.11328125
2 0.946875 0.44765625 0.096875 0.13125
2 0.89375 0.5296875 0.146875 0.1640625
3 0.303125 0.640625 0.05234375 0.16796875
2 0.2640625 0.39609375 0.059375 0.07265625
3 0.4328125 0.67265625 0.07734375 0.178125
3 0.51015625 0.6140625 0.084375 0.18828125
2 0.5421875 0.42265625 0.375 0.32734375
3 0.7984375 0.76328125 0.11875 0.21328125
3 0.13046875 0.509375 0.02265625 0.1125
3 0.2265625 0.56328125 0.0421875 0.1375
2 0.3359375 0.41875 0.04921875 0.071875
3 0.6546875 0.5875 0.0796875 0.1640625
3 0.7515625 0.61640625 0.07734375 0.17734375
3 0.79609375 0.590625 0.05859375 0.153125
3 0.8203125 0.5609375 0.0609375 0.14140625
3 0.75 0.51875 0.05546875 0.13203125
2 0.88515625 0.9203125 0.2296875 0.159375
3 0.37421875 0.565625 0.05703125 0.1421875
0 0.428351 0.647418 0.053480 0.147101
0 0.518848 0.598198 0.065641 0.138063
0 0.302944 0.626391 0.049352 0.131469
0 0.131376 0.506141 0.025247 0.088575
0 0.372008 0.566866 0.048581 0.122439
1 0.902682 0.622044 0.069563 0.083444
0 0.226909 0.546205 0.044218 0.123625
0 0.746266 0.610828 0.036041 0.160870
1 0.132263 0.537262 0.018364 0.052404
1 0.313729 0.681386 0.045256 0.088346
