2 0.44453125 0.41015625 0.0921875 0.090625
2 0.2765625 0.4078125 0.06484375 0.0734375
3 0.64375 0.4984375 0.05546875 0.121875
2 0.85 0.54453125 0.16328125 0.18203125
3 0.77578125 0.5578125 0.06875 0.13125
3 0.878125 0.59765625 0.0828125 0.17421875
3 0.67109375 0.47890625 0.04375 0.12890625
3 0.54765625 0.484375 0.0390625 0.11953125
3 0.5703125 0.4546875 0.04375 0.10625
3 0.52265625 0.42109375 0.03671875 0.09609375
2 0.30546875 0.3734375 0.0578125 0.0625
2 0.2171875 0.371875 0.0390625 0.046875
2 0.24140625 0.35859375 0.0359375 0.04609375
3 0.178125 0.359375 0.01015625 0.04453125
0 0.296735 0.919610 0.080211 0.160007
0 0.646354 0.489677 0.046018 0.097042
0 0.571575 0.446632 0.031361 0.081655
1 0.558974 0.508261 0.023458 0.058252
0 0.524135 0.425399 0.034780 0.055772
0 0.281001 0.793909 0.053550 0.160860
