2 0.50234375 0.42265625 0.10625 0.11484375
2 0.675 0.53046875 0.1859375 0.2046875
2 0.9484375 0.4453125 0.09921875 0.1265625
3 0.64765625 0.759375 0.13125 0.25390625
3 0.19453125 0.5046875 0.02265625 0.11015625
3 0.16953125 0.475 0.0234375 0.0859375
3 0.3203125 0.42578125 0.0234375 0.078125
3 0.4328125 0.43203125 0.0328125 0.09609375
3 0.40390625 0.3921875 0.02265625 0.0609375
3 0.35625 0.3796875 0.021875 0.0578125
3 0.328125 0.384375 0.02265625 0.06640625
3 0.30546875 0.37109375 0.0140625 0.05234375
3 0.28359375 0.3671875 0.0140625 0.0484375
3 0.26640625 0.36015625 0.0125 0.04140625
3 0.2484375 0.3625 0.01640625 0.05390625
2 0.14453125 0.3609375 0.0296875 0.0421875
2 0.69609375 0.4828125 0.13046875 0.11875
3 0.7765625 0.5359375 0.05546875 0.13671875
0 0.646372 0.745679 0.080047 0.207248
0 0.190734 0.493569 0.026273 0.082969
0 0.166405 0.469392 0.025413 0.072153
0 0.793524 0.621746 0.036925 0.190618
0 0.642375 0.404858 0.027065 0.059607
0 0.578668 0.552340 0.032730 0.131395
1 0.194535 0.530072 0.021182 0.057497
1 0.120660 0.501902 0.026819 0.049942
0 0.119078 0.471549 0.025414 0.071860
0 0.616850 0.408863 0.021642 0.064469
1 0.170322 0.495592 0.019674 0.042919
