2 0.27890625 0.51484375 0.12421875 0.1515625
2 0.8578125 0.86015625 0.28046875 0.27890625
2 0.2703125 0.3953125 0.05703125 0.0703125
2 0.9453125 0.44765625 0.096875 0.13125
2 0.13671875 0.4 0.03125 0.05703125
2 0.33515625 0.409375 0.0453125 0.0703125
2 0.28125 0.36796875 0.04375 0.05078125
2 0.5328125 0.4359375 0.3875 0.34375
2 0.27734375 0.38203125 0.04375 0.0515625
3 0.653125 0.584375 0.071875 0.15078125
3 0.5734375 0.54765625 0.05625 0.16484375
3 0.753125 0.61328125 0.08671875 0.1921875
3 0.79296875 0.59921875 0.0546875 0.17421875
3 0.82578125 0.565625 0.0453125 0.14921875
0 0.744756 0.611748 0.037428 0.169096
1 0.912928 0.621411 0.087621 0.085784
0 0.795251 0.608615 0.054930 0.177265
