2 0.45859375 0.45625 0.134375 0.13515625
3 0.5359375 0.79140625 0.1109375 0.24609375
2 0.946875 0.44453125 0.09765625 0.12734375
2 0.1359375 0.39921875 0.03046875 0.053125
2 0.596875 0.5140625 0.13046875 0.1390625
2 0.36484375 0.43046875 0.08515625 0.09609375
2 0.334375 0.37265625 0.05234375 0.046875
2 0.25703125 0.3703125 0.05078125 0.05390625
3 0.29609375 0.36953125 0.0171875 0.05078125
3 0.12734375 0.46875 0.02265625 0.0875
3 0.671875 0.56875 0.06953125 0.16171875
3 0.740625 0.5703125 0.0671875 0.15234375
3 0.82578125 0.534375 0.05859375 0.13671875
3 0.76328125 0.55078125 0.05625 0.14375
3 0.58046875 0.5421875 0.05859375 0.15234375
2 0.503125 0.41328125 0.08828125 0.090625
1 0.581733 0.566671 0.067282 0.100888
0 0.534998 0.747306 0.069281 0.162536
0 0.654983 0.554009 0.027190 0.133675
0 0.127996 0.464930 0.023472 0.068982
1 0.129178 0.492077 0.018767 0.044858
0 0.741369 0.571152 0.040903 0.151010
0 0.270659 0.415423 0.013159 0.077040
0 0.664893 0.457875 0.020992 0.060169
