2 0.87421875 0.53984375 0.1515625 0.1671875
2 0.93828125 0.43984375 0.1125 0.1171875
3 0.9734375 0.58203125 0.05234375 0.1625
3 0.72578125 0.50703125 0.0625 0.1390625
3 0.67421875 0.4671875 0.046875 0.11875
3 0.465625 0.4125 0.03515625 0.08125
2 0.215625 0.38046875 0.05 0.059375
0 0.666641 0.459551 0.025672 0.086180
1 0.722701 0.534677 0.065744 0.082820
0 0.719385 0.499587 0.050325 0.108995
0 0.709004 0.444665 0.029094 0.049811
1 0.466718 0.430586 0.033652 0.043279
0 0.972316 0.579402 0.048728 0.137405
0 0.945324 0.496035 0.019399 0.101335
