3 0.8046875 0.7734375 0.15 0.2265625
2 0.946875 0.44453125 0.09453125 0.12734375
3 0.453125 0.428125 0.03984375 0.0890625
3 0.53671875 0.4265625 0.03828125 0.09375
3 0.16640625 0.47734375 0.02578125 0.1
2 0.22109375 0.35859375 0.0359375 0.05078125
3 0.36796875 0.40234375 0.02421875 0.07890625
0 0.164951 0.481743 0.025788 0.084565
0 0.808919 0.753694 0.075772 0.194651
1 0.170523 0.520499 0.017738 0.037420
0 0.616356 0.412558 0.018542 0.079367
0 0.787135 0.784618 0.064972 0.130670
0 0.682758 0.416041 0.018152 0.070097
0 0.455386 0.422215 0.029489 0.067400
0 0.307126 0.469616 0.020709 0.068391
0 0.659015 0.417793 0.021956 0.088889
0 0.273418 0.357038 0.014358 0.039957
0 0.735936 0.442908 0.018077 0.075792
