2 0.259375 0.39921875 0.05546875 0.05546875
2 0.540625 0.44296875 0.1171875 0.090625
2 0.33046875 0.4171875 0.0828125 0.08671875
2 0.94765625 0.44453125 0.0984375 0.125
3 0.45859375 0.50078125 0.05 0.12265625
3 0.6890625 0.5953125 0.0671875 0.1609375
3 0.79296875 0.534375 0.05 0.14453125
3 0.7375 0.57109375 0.0671875 0.14609375
3 0.603125 0.56484375 0.06953125 0.15625
3 0.64296875 0.5515625 0.0484375 0.13984375
3 0.534375 0.5171875 0.0671875 0.14375
3 0.41015625 0.47890625 0.0359375 0.11875
2 0.21953125 0.37890625 0.0484375 0.065625
2 0.3140625 0.3609375 0.05234375 0.0453125
0 0.456463 0.495512 0.042632 0.095523
0 0.682449 0.592313 0.035167 0.145722
0 0.939368 0.516996 0.015915 0.064961
