2 0.9484375 0.44609375 0.09375 0.1296875
2 0.271875 0.396875 0.0484375 0.0671875
3 0.75234375 0.6265625 0.0859375 0.18515625
3 0.81640625 0.5546875 0.05859375 0.14140625
3 0.6515625 0.584375 0.07578125 0.1671875
3 0.56796875 0.54296875 0.06328125 0.13828125
3 0.49375 0.51875 0.05 0.13984375
3 0.4359375 0.48359375 0.04453125 0.1109375
2 0.32421875 0.41796875 0.065625 0.0890625
2 0.2203125 0.3859375 0.04765625 0.07578125
2 0.53359375 0.43046875 0.3671875 0.30703125
1 0.909442 0.611927 0.080389 0.101989
0 0.743929 0.611710 0.037562 0.167787
0 0.653604 0.602655 0.075659 0.120723
0 0.743945 0.495844 0.040858 0.089857
1 0.765039 0.620313 0.116955 0.166862
0 0.905456 0.573476 0.037335 0.144477
