2 0.23671875 0.50078125 0.10625 0.13203125
2 0.94765625 0.4453125 0.09921875 0.1296875
2 0.61796875 0.43359375 0.1296875 0.0828125
2 0.4625 0.46171875 0.13046875 0.128125
2 0.31015625 0.38125 0.0625 0.04609375
3 0.64609375 0.35234375 0.02265625 0.0234375
3 0.6453125 0.57734375 0.071875 0.1578125
2 0.275 0.37109375 0.03515625 0.04140625
2 0.63828125 0.5390625 0.175 0.14375
3 0.81015625 0.53125 0.05390625 0.128125
3 0.7515625 0.53828125 0.05703125 0.1296875
3 0.49609375 0.50703125 0.04765625 0.140625
3 0.565625 0.53359375 0.0578125 0.1296875
3 0.4421875 0.49296875 0.03515625 0.115625
3 0.39296875 0.48046875 0.02890625 0.11796875
3 0.36796875 0.45 0.02578125 0.08828125
2 0.23125 0.36875 0.04375 0.0578125
0 0.607310 0.444353 0.034970 0.053113
0 0.641763 0.454329 0.027102 0.043049
0 0.666872 0.459649 0.027580 0.060979
0 0.713723 0.489962 0.038580 0.092462
1 0.497568 0.536595 0.042449 0.085403
0 0.491286 0.505626 0.034832 0.110713
1 0.804463 0.558422 0.065239 0.091859
0 0.807441 0.519729 0.032884 0.113044
0 0.749429 0.526811 0.030958 0.125554
0 0.789561 0.519498 0.028495 0.112158
0 0.649494 0.542613 0.053845 0.090186
0 0.651669 0.396854 0.014206 0.048861
