2 0.415625 0.62265625 0.184375 0.1859375
2 0.459375 0.459375 0.13125 0.14765625
2 0.946875 0.44453125 0.0953125 0.1265625
3 0.39609375 0.76015625 0.08046875 0.2421875
3 0.521875 0.7296875 0.1171875 0.225
3 0.67421875 0.58125 0.07734375 0.18359375
3 0.7390625 0.571875 0.05703125 0.17421875
3 0.834375 0.54375 0.05546875 0.13125
3 0.7671875 0.5546875 0.06015625 0.146875
3 0.5734375 0.5453125 0.06796875 0.153125
2 0.60703125 0.5203125 0.146875 0.1515625
2 0.36171875 0.4234375 0.08515625 0.096875
0 0.521474 0.708581 0.067493 0.185336
0 0.390322 0.732798 0.063270 0.172868
0 0.654681 0.553296 0.027195 0.130483
1 0.766489 0.583014 0.060035 0.084061
0 0.789097 0.474540 0.027955 0.071507
0 0.684338 0.573438 0.046225 0.158456
0 0.737835 0.566375 0.032659 0.139243
