2 0.3140625 0.5140625 0.13359375 0.1578125
2 0.44609375 0.4609375 0.13125 0.134375
2 0.690625 0.78828125 0.29765625 0.296875
2 0.1921875 0.43515625 0.05859375 0.07578125
2 0.94765625 0.44453125 0.096875 0.12734375
2 0.671875 0.525 0.18046875 0.18828125
2 0.49765625 0.41015625 0.1015625 0.071875
3 0.81875 0.71015625 0.08515625 0.209375
2 0.6921875 0.45859375 0.121875 0.08203125
3 0.6609375 0.57578125 0.07109375 0.1359375
3 0.80546875 0.52421875 0.04765625 0.13125
3 0.76953125 0.5375 0.053125 0.134375
2 0.3515625 0.42265625 0.0765625 0.0921875
2 0.29453125 0.39921875 0.06484375 0.07265625
2 0.240625 0.39140625 0.04609375 0.06953125
0 0.793959 0.614179 0.037519 0.125467
0 0.668669 0.579459 0.048795 0.141938
1 0.862362 0.766079 0.089901 0.104721
0 0.133529 0.390881 0.013037 0.041937
0 0.568548 0.439606 0.025266 0.065351
0 0.814859 0.683273 0.052526 0.089853
0 0.197566 0.420512 0.037800 0.046782
