2 0.7109375 0.48515625 0.16640625 0.13125
2 0.94609375 0.4453125 0.0953125 0.128125
3 0.17578125 0.54296875 0.03125 0.11796875
3 0.44453125 0.71328125 0.0890625 0.2328125
3 0.2734375 0.58203125 0.0484375 0.15
3 0.37890625 0.5609375 0.05859375 0.153125
3 0.13046875 0.403125 0.015625 0.06015625
3 0.46484375 0.49765625 0.0421875 0.10625
3 0.81484375 0.50390625 0.06171875 0.121875
2 0.46796875 0.41953125 0.21484375 0.24296875
3 0.2796875 0.3609375 0.0140625 0.046875
3 0.29375 0.3609375 0.015625 0.05234375
3 0.315625 0.39609375 0.021875 0.0625
3 0.33046875 0.371875 0.0203125 0.065625
0 0.436990 0.707069 0.063225 0.214023
0 0.378705 0.552446 0.043662 0.111707
0 0.175330 0.536322 0.026844 0.104701
0 0.276002 0.566316 0.038103 0.120460
1 0.179498 0.569953 0.018755 0.060021
0 0.131972 0.400335 0.015211 0.047640
1 0.274137 0.616489 0.042133 0.076525
0 0.736258 0.564139 0.056965 0.155250
1 0.816116 0.529633 0.059264 0.076204
