2 0.68046875 0.56953125 0.18359375 0.17421875
2 0.271875 0.50390625 0.1046875 0.11484375
2 0.45703125 0.48203125 0.1296875 0.1421875
2 0.915625 0.87421875 0.16875 0.2515625
2 0.9484375 0.44765625 0.0984375 0.134375
2 0.48359375 0.428125 0.09921875 0.07265625
3 0.94453125 0.54921875 0.059375 0.1390625
3 0.2484375 0.56875 0.0421875 0.14453125
3 0.13046875 0.4828125 0.02109375 0.08515625
2 0.2515625 0.3703125 0.04453125 0.04765625
2 0.1375 0.40625 0.04296875 0.06484375
3 0.3390625 0.446875 0.0296875 0.1
3 0.378125 0.4515625 0.034375 0.09609375
3 0.534375 0.52109375 0.05625 0.13671875
1 0.944952 0.573489 0.064035 0.093148
1 0.247197 0.575735 0.045274 0.129833
0 0.991886 0.687135 0.015507 0.101805
1 0.795114 0.564709 0.044893 0.114837
0 0.290067 0.420705 0.017583 0.060323
0 0.748536 0.501574 0.033853 0.083629
1 0.132597 0.502952 0.020062 0.049455
0 0.337574 0.424103 0.022119 0.050109
0 0.530604 0.423687 0.018228 0.044974
0 0.791151 0.448231 0.018799 0.056263
