2 0.94765625 0.4453125 0.09453125 0.128125
2 0.26953125 0.3953125 0.0390625 0.065625
3 0.91875 0.56796875 0.05390625 0.1359375
3 0.7515625 0.61875 0.07890625 0.18203125
3 0.65 0.5890625 0.06953125 0.17109375
3 0.575 0.55546875 0.053125 0.18203125
3 0.48984375 0.50390625 0.04765625 0.15
3 0.43828125 0.4875 0.04140625 0.1359375
2 0.32890625 0.42265625 0.071875 0.08671875
2 0.2203125 0.37890625 0.04375 0.05703125
2 0.5328125 0.415625 0.3625 0.31640625
3 0.7515625 0.51015625 0.04609375 0.121875
1 0.908795 0.611076 0.078555 0.104727
0 0.742751 0.505029 0.038333 0.108196
0 0.743738 0.613850 0.038529 0.168132
1 0.764888 0.630883 0.115245 0.114595
