2 0.94375 0.440625 0.0984375 0.11953125
2 0.96484375 0.58046875 0.06953125 0.17734375
3 0.89140625 0.54296875 0.071875 0.10625
2 0.5375 0.43671875 0.10703125 0.09453125
3 0.6671875 0.4875 0.06640625 0.1171875
3 0.64765625 0.3515625 0.025 0.025
3 0.74765625 0.53125 0.0546875 0.1375
3 0.803125 0.4875 0.04375 0.1171875
3 0.4640625 0.4 0.03359375 0.06171875
2 0.41171875 0.41484375 0.0734375 0.08359375
3 0.375 0.42890625 0.02578125 0.07421875
3 0.33203125 0.38515625 0.01640625 0.06328125
3 0.29140625 0.3828125 0.01640625 0.05546875
3 0.265625 0.3734375 0.015625 0.05234375
3 0.36171875 0.38359375 0.01328125 0.06015625
2 0.2140625 0.36328125 0.0359375 0.05703125
0 0.663842 0.480256 0.029179 0.101775
0 0.672534 0.411508 0.028239 0.076767
0 0.633596 0.424282 0.019593 0.072569
0 0.800437 0.483453 0.026992 0.088792
0 0.603709 0.404371 0.020819 0.086796
0 0.886310 0.500699 0.025161 0.051034
0 0.712043 0.449565 0.036662 0.057427
