2 0.8296875 0.79140625 0.28046875 0.303125
2 0.18671875 0.4890625 0.075 0.09921875
2 0.94921875 0.4453125 0.0953125 0.1265625
3 0.153125 0.56953125 0.0390625 0.13828125
3 0.55546875 0.7875 0.10859375 0.25390625
2 0.4703125 0.4171875 0.2171875 0.2296875
3 0.4453125 0.6171875 0.07578125 0.18359375
3 0.253125 0.53828125 0.03515625 0.125
2 0.83046875 0.5234375 0.1515625 0.13203125
3 0.30234375 0.49609375 0.0390625 0.11328125
3 0.40390625 0.834375 0.10703125 0.2515625
2 0.28984375 0.3703125 0.04140625 0.05390625
2 0.2328125 0.390625 0.05234375 0.06171875
2 0.33515625 0.384375 0.05625 0.06484375
3 0.35234375 0.44765625 0.0265625 0.1015625
3 0.48671875 0.5109375 0.046875 0.1359375
3 0.65390625 0.57890625 0.075 0.1546875
3 0.175 0.40546875 0.015625 0.06015625
3 0.15078125 0.40703125 0.01640625 0.06484375
0 0.401327 0.819877 0.077913 0.225409
0 0.573015 0.760570 0.082522 0.185069
0 0.436813 0.604234 0.049545 0.153714
0 0.831558 0.938050 0.093254 0.123287
0 0.250981 0.525097 0.033006 0.101761
0 0.544832 0.754158 0.065552 0.178078
0 0.303106 0.482091 0.038322 0.088402
0 0.684052 0.561051 0.038844 0.119460
0 0.154325 0.538913 0.030856 0.070848
