2 0.94609375 0.4453125 0.1 0.12890625
2 0.671875 0.52578125 0.18203125 0.1828125
2 0.4453125 0.45546875 0.13046875 0.14609375
2 0.73515625 0.7671875 0.28046875 0.3046875
3 0.29453125 0.63203125 0.05546875 0.16796875
3 0.13125 0.46328125 0.0203125 0.09296875
2 0.34765625 0.421875 0.07890625 0.08515625
2 0.43984375 0.40859375 0.09140625 0.08984375
3 0.57109375 0.475 0.04140625 0.0984375
3 0.6625 0.575 0.0671875 0.125
3 0.80625 0.525 0.053125 0.1296875
3 0.76875 0.5328125 0.046875 0.13125
3 0.2765625 0.371875 0.0125 0.0578125
3 0.2984375 0.3828125 0.015625 0.0609375
0 0.667782 0.580698 0.050418 0.142236
0 0.294294 0.620637 0.050243 0.144822
0 0.129778 0.449716 0.015701 0.059075
1 0.367404 0.727178 0.062602 0.148758
1 0.300138 0.682702 0.037482 0.084735
1 0.130794 0.480996 0.021093 0.044926
