3 0.690625 0.8703125 0.134375 0.25078125
3 0.37734375 0.66328125 0.0625 0.209375
3 0.41328125 0.6078125 0.05625 0.1796875
3 0.26328125 0.62109375 0.05625 0.16328125
3 0.15078125 0.44375 0.01640625 0.07578125
3 0.11796875 0.4625 0.01640625 0.0765625
3 0.68203125 0.5875 0.078125 0.178125
3 0.50390625 0.515625 0.05078125 0.14375
3 0.75625 0.5203125 0.059375 0.1375
3 0.73125 0.53359375 0.06015625 0.14453125
2 0.9078125 0.5296875 0.1671875 0.17890625
2 0.6390625 0.534375 0.18515625 0.18125
2 0.434375 0.46015625 0.11953125 0.12421875
2 0.309375 0.41015625 0.08359375 0.0859375
2 0.16171875 0.4015625 0.046875 0.0640625
2 0.2484375 0.39296875 0.0578125 0.059375
3 0.29921875 0.41640625 0.0234375 0.09609375
0 0.690796 0.857059 0.091364 0.214325
0 0.411633 0.593395 0.056794 0.133071
0 0.497948 0.510838 0.038507 0.118412
0 0.264467 0.619095 0.053149 0.130799
0 0.767709 0.985451 0.034924 0.028422
0 0.691452 0.451111 0.036143 0.076650
0 0.690120 0.578328 0.081013 0.142831
0 0.377012 0.646189 0.054310 0.140043
1 0.275553 0.675669 0.029701 0.061024
1 0.149888 0.466053 0.024486 0.040471
1 0.389084 0.712003 0.047882 0.090768
