2 0.6640625 0.48046875 0.14609375 0.11796875
2 0.4484375 0.421875 0.0984375 0.0953125
2 0.94375 0.446875 0.1046875 0.12890625
2 0.96640625 0.5859375 0.06640625 0.1296875
2 0.86015625 0.60546875 0.22734375 0.2265625
3 0.50859375 0.41171875 0.03359375 0.0828125
3 0.55625 0.4234375 0.0328125 0.0734375
3 0.5875 0.4359375 0.03046875 0.08984375
2 0.33046875 0.41875 0.08671875 0.0984375
2 0.31953125 0.36640625 0.06484375 0.04375
2 0.246875 0.36171875 0.04375 0.04921875
2 0.1921875 0.35390625 0.02734375 0.0375
3 0.371875 0.4 0.0234375 0.0703125
3 0.71015625 0.46328125 0.04375 0.11171875
0 0.747729 0.619239 0.032517 0.167185
0 0.654111 0.394222 0.016707 0.051190
0 0.666895 0.399292 0.018051 0.048672
0 0.683392 0.405429 0.016299 0.048556
