2 0.67890625 0.478125 0.1625 0.15546875
2 0.284375 0.4046875 0.0765625 0.08984375
2 0.94609375 0.44609375 0.0953125 0.128125
3 0.50390625 0.41640625 0.03046875 0.078125
3 0.88125 0.56640625 0.071875 0.159375
3 0.83046875 0.5171875 0.05 0.09453125
3 0.56484375 0.43828125 0.03828125 0.09140625
3 0.4484375 0.40234375 0.0328125 0.071875
3 0.4046875 0.3875 0.021875 0.06171875
2 0.28359375 0.3765625 0.0546875 0.065625
0 0.563969 0.429276 0.027973 0.075562
0 0.589460 0.400995 0.025150 0.087217
1 0.565485 0.452410 0.041293 0.056640
0 0.879765 0.554328 0.044041 0.121904
0 0.610373 0.394433 0.016777 0.051111
1 0.450543 0.418591 0.029537 0.047908
