2 0.67421875 0.53359375 0.1828125 0.1984375
2 0.94765625 0.44609375 0.0984375 0.128125
3 0.42421875 0.71328125 0.08828125 0.225
3 0.30390625 0.56171875 0.04609375 0.1484375
3 0.2046875 0.534375 0.0296875 0.115625
3 0.2140625 0.4640625 0.02109375 0.09375
3 0.19453125 0.47265625 0.02265625 0.09140625
3 0.153125 0.48984375 0.02421875 0.10625
2 0.1375 0.39921875 0.03046875 0.06015625
3 0.42265625 0.396875 0.02890625 0.0734375
3 0.7765625 0.540625 0.0625 0.1375
3 0.80625 0.5109375 0.0546875 0.12578125
3 0.9390625 0.546875 0.0609375 0.1375
0 0.426387 0.691405 0.061624 0.179263
0 0.299742 0.549224 0.040610 0.113927
0 0.793940 0.615934 0.039045 0.204745
0 0.202435 0.528825 0.030342 0.094533
1 0.302299 0.586089 0.051322 0.097088
1 0.207919 0.570591 0.026090 0.064396
1 0.940938 0.571187 0.067203 0.083179
0 0.958580 0.940490 0.081942 0.117938
0 0.188095 0.424630 0.017712 0.046780
0 0.192309 0.457996 0.021984 0.047480
0 0.149450 0.467498 0.023821 0.063300
0 0.984410 0.943760 0.030394 0.111726
0 0.735493 0.462548 0.021719 0.051097
