2 0.28359375 0.36953125 0.0515625 0.0578125
2 0.82265625 0.828125 0.3359375 0.31640625
2 0.45703125 0.4578125 0.1296875 0.13671875
2 0.94765625 0.44453125 0.096875 0.12890625
2 0.15234375 0.4734375 0.07578125 0.11015625
2 0.26953125 0.47109375 0.09375 0.0984375
3 0.25625 0.51796875 0.034375 0.13203125
3 0.4734375 0.69296875 0.07421875 0.2109375
3 0.18828125 0.58671875 0.03984375 0.1546875
3 0.5765625 0.55078125 0.0578125 0.15703125
3 0.678125 0.575 0.07890625 0.15859375
3 0.7359375 0.56953125 0.06953125 0.16640625
3 0.8953125 0.5375 0.06953125 0.128125
3 0.8265625 0.53125 0.05390625 0.1421875
2 0.5984375 0.5234375 0.1484375 0.16015625
2 0.36015625 0.4265625 0.07890625 0.109375
2 0.18671875 0.42578125 0.059375 0.08984375
0 0.254589 0.511685 0.032248 0.095769
0 0.189930 0.576194 0.038134 0.115223
0 0.469950 0.666939 0.056408 0.144360
1 0.193873 0.622040 0.033236 0.073097
1 0.260942 0.549944 0.028118 0.060426
0 0.884287 0.521831 0.039060 0.110895
1 0.582852 0.573308 0.066209 0.086729
0 0.654555 0.556880 0.030145 0.136183
0 0.737522 0.566632 0.034918 0.137051
1 0.924056 0.561491 0.039725 0.086885
1 0.783367 0.588875 0.029264 0.072200
0 0.690391 0.570725 0.056805 0.142950
0 0.360355 0.448447 0.023331 0.076923
1 0.678583 0.609139 0.085084 0.099065
