2 0.465625 0.4703125 0.128125 0.1390625
2 0.30390625 0.415625 0.06875 0.06953125
2 0.2296875 0.38515625 0.06015625 0.065625
2 0.5984375 0.44453125 0.1171875 0.11640625
3 0.721875 0.50859375 0.0625 0.125
3 0.58984375 0.47578125 0.06328125 0.12265625
3 0.79921875 0.54609375 0.07265625 0.15234375
3 0.88515625 0.59921875 0.0890625 0.1828125
3 0.95703125 0.565625 0.0484375 0.12890625
3 0.98125 0.59375 0.0375 0.13203125
3 0.39140625 0.4328125 0.02890625 0.0828125
3 0.3640625 0.3875 0.0203125 0.06015625
1 0.721005 0.533631 0.060796 0.078506
1 0.804640 0.578717 0.073208 0.092773
0 0.636070 0.403163 0.017083 0.061148
1 0.886277 0.638261 0.085160 0.096262
0 0.591111 0.468655 0.052231 0.089018
0 0.796953 0.534338 0.042165 0.112694
0 0.621254 0.398549 0.014962 0.034622
0 0.720280 0.500338 0.030389 0.110855
0 0.506579 0.409384 0.027547 0.056055
