2 0.94609375 0.44375 0.09609375 0.125
2 0.7859375 0.571875 0.2046875 0.20390625
3 0.890625 0.56640625 0.05078125 0.153125
3 0.91328125 0.5578125 0.0515625 0.16484375
3 0.97890625 0.55546875 0.0421875 0.14296875
3 0.6953125 0.59921875 0.0859375 0.17265625
3 0.5484375 0.52578125 0.05546875 0.13046875
3 0.6015625 0.47734375 0.046875 0.10859375
3 0.64921875 0.4953125 0.0578125 0.11171875
2 0.50703125 0.4828125 0.14296875 0.14765625
3 0.421875 0.434375 0.02734375 0.090625
3 0.3890625 0.41875 0.0265625 0.08359375
3 0.35859375 0.40859375 0.02265625 0.0875
2 0.2984375 0.4109375 0.059375 0.07890625
2 0.24921875 0.38671875 0.053125 0.06875
2 0.2 0.37890625 0.046875 0.065625
2 0.296875 0.36015625 0.05078125 0.04609375
1 0.696737 0.622876 0.088165 0.106433
0 0.569672 0.440137 0.024446 0.073698
0 0.711353 0.481129 0.025872 0.073770
1 0.563319 0.570987 0.022871 0.057547
0 0.702203 0.597467 0.062561 0.114027
1 0.977685 0.565834 0.043744 0.089431
0 0.744519 0.490470 0.022906 0.055937
0 0.238470 0.409914 0.024914 0.076335
