3 0.61640625 0.7046875 0.04765625 0.171875
3 0.54453125 0.6796875 0.04765625 0.13203125
3 0.515625 0.765625 0.059375 0.178125
3 0.46875 0.7421875 0.06171875 0.16171875
3 0.41875 0.6796875 0.0625 0.16171875
3 0.33515625 0.61796875 0.05625 0.14609375
3 0.2859375 0.58671875 0.053125 0.13515625
3 0.33125 0.51015625 0.04296875 0.1109375
2 0.52265625 0.45078125 0.13671875 0.17734375
2 0.5640625 0.53359375 0.140625 0.20390625
2 0.6109375 0.36640625 0.08515625 0.1109375
2 0.68125 0.31484375 0.0734375 0.09921875
3 0.74609375 0.32578125 0.02109375 0.0875
3 0.7796875 0.25625 0.025 0.0640625
3 0.82265625 0.2453125 0.01640625 0.06953125
3 0.84296875 0.24609375 0.0171875 0.0640625
3 0.2734375 0.3671875 0.0421875 0.0921875
3 0.3671875 0.3171875 0.040625 0.07734375
3 0.5421875 0.28203125 0.0296875 0.0734375
3 0.74140625 0.234375 0.015625 0.06328125
2 0.85546875 0.2046875 0.04140625 0.06484375
2 0.83359375 0.171875 0.0375 0.0453125
0 0.081332 0.464866 0.054335 0.093166
0 0.338766 0.616672 0.046826 0.129485
1 0.333477 0.648838 0.065527 0.097803
1 0.195783 0.315788 0.049618 0.037580
0 0.480836 0.643818 0.042047 0.088094
0 0.345046 0.492470 0.042187 0.084768
1 0.091487 0.493212 0.081811 0.084782
0 0.780516 0.248556 0.019135 0.043245
0 0.244750 0.701873 0.054307 0.160577
0 0.273061 0.367075 0.029025 0.083375
0 0.295398 0.541140 0.034842 0.064258
1 0.028793 0.428467 0.057586 0.065279
