3 0.6296875 0.759375 0.06015625 0.2625
3 0.540625 0.63203125 0.0484375 0.17109375
3 0.51796875 0.44765625 0.0296875 0.1015625
3 0.5515625 0.4953125 0.03984375 0.1359375
3 0.59453125 0.5984375 0.034375 0.16328125
3 0.628125 0.625 0.03984375 0.1515625
3 0.64140625 0.43046875 0.02265625 0.0984375
3 0.6703125 0.43828125 0.01875 0.1015625
3 0.68671875 0.46328125 0.0234375 0.1265625
3 0.721875 0.440625 0.0234375 0.103125
3 0.73671875 0.48203125 0.02421875 0.11875
3 0.60234375 0.3625 0.0171875 0.07109375
3 0.65390625 0.3765625 0.02109375 0.06484375
3 0.7625 0.4 0.015625 0.08046875
2 0.66484375 0.3203125 0.04140625 0.05703125
2 0.7125 0.3578125 0.04765625 0.08984375
0 0.541361 0.614226 0.045241 0.132242
0 0.686915 0.459443 0.028998 0.092535
1 0.539655 0.663826 0.042242 0.111006
0 0.630759 0.581080 0.030518 0.048270
0 0.552161 0.489886 0.033160 0.093743
0 0.630306 0.631343 0.041480 0.089547
0 0.734970 0.473135 0.034805 0.091473
0 0.596169 0.558719 0.039316 0.072496
0 0.632066 0.730505 0.063751 0.164340
0 0.519333 0.439126 0.024956 0.068948
1 0.628207 0.807828 0.056268 0.155564
1 0.553199 0.524426 0.031549 0.071892
0 0.601345 0.362574 0.015670 0.043951
0 0.595432 0.602225 0.042588 0.158254
