2 0.2921875 0.7984375 0.25390625 0.34296875
2 0.07421875 0.80078125 0.14765625 0.28359375
2 0.55859375 0.496875 0.12890625 0.17734375
2 0.5890625 0.36953125 0.109375 0.128125
2 0.68125 0.2921875 0.071875 0.10078125
2 0.75390625 0.234375 0.07734375 0.1078125
3 0.77421875 0.2921875 0.02734375 0.075
3 0.821875 0.27421875 0.0203125 0.06875
3 0.8359375 0.23203125 0.01640625 0.05625
3 0.82734375 0.21796875 0.01640625 0.05625
3 0.69375 0.35078125 0.02890625 0.0875
3 0.5265625 0.6625 0.0578125 0.15703125
3 0.40390625 0.55390625 0.05625 0.146875
3 0.40078125 0.49453125 0.04765625 0.1125
3 0.2984375 0.60546875 0.0765625 0.1578125
3 0.22265625 0.60078125 0.08828125 0.15234375
2 0.2859375 0.3765625 0.134375 0.12421875
3 0.36328125 0.878125 0.0875 0.19453125
1 0.402590 0.575722 0.056627 0.093262
1 0.223776 0.625495 0.088185 0.110878
0 0.225564 0.586773 0.043760 0.129531
1 0.297511 0.633205 0.080720 0.113357
0 0.261252 0.515037 0.032593 0.085901
1 0.194644 0.309855 0.051245 0.047593
0 0.295812 0.593760 0.063964 0.126868
1 0.691090 0.362996 0.033405 0.059398
