2 0.30234375 0.75859375 0.25703125 0.3453125
2 0.5921875 0.384375 0.0953125 0.1359375
2 0.27734375 0.39609375 0.121875 0.11328125
2 0.70625 0.2921875 0.078125 0.11328125
2 0.6609375 0.2046875 0.06796875 0.0828125
2 0.79375 0.215625 0.05390625 0.08125
3 0.10078125 0.671875 0.10859375 0.175
3 0.24453125 0.603125 0.08046875 0.14453125
3 0.375 0.51015625 0.053125 0.10859375
3 0.3765625 0.55859375 0.06796875 0.12890625
3 0.46953125 0.4984375 0.05546875 0.1265625
3 0.6265625 0.546875 0.04375 0.1421875
3 0.68359375 0.3578125 0.03046875 0.09921875
3 0.73125 0.36953125 0.03125 0.109375
3 0.77578125 0.29375 0.02421875 0.08984375
3 0.81796875 0.2984375 0.02265625 0.0796875
3 0.80703125 0.253125 0.01796875 0.071875
3 0.846875 0.24453125 0.0203125 0.06484375
0 0.098085 0.649779 0.047135 0.117669
1 0.472797 0.519479 0.055494 0.080195
0 0.469966 0.487890 0.042814 0.102839
0 0.382032 0.484144 0.031001 0.044535
0 0.247318 0.595673 0.048400 0.136320
1 0.193462 0.314779 0.051915 0.042689
1 0.687117 0.359441 0.029648 0.079294
