2 0.559375 0.93671875 0.196875 0.1265625
2 0.47265625 0.384375 0.0796875 0.07890625
2 0.6 0.37109375 0.053125 0.0953125
2 0.63203125 0.25078125 0.05234375 0.05234375
2 0.6515625 0.3125 0.02890625 0.053125
2 0.7 0.27890625 0.04296875 0.0671875
3 0.0375 0.53984375 0.034375 0.0875
3 0.28984375 0.50546875 0.05234375 0.08203125
3 0.3703125 0.4359375 0.0390625 0.07578125
3 0.58203125 0.43984375 0.03203125 0.078125
3 0.68515625 0.34375 0.0171875 0.0609375
0 0.510154 0.339204 0.015819 0.044616
0 0.044044 0.551808 0.016756 0.049309
1 0.583023 0.444453 0.031875 0.040396
0 0.617371 0.392101 0.019552 0.056518
