3 0.22265625 0.9546875 0.07734375 0.090625
3 0.246875 0.89296875 0.059375 0.11328125
3 0.01953125 0.52734375 0.0390625 0.0953125
3 0.49140625 0.5234375 0.040625 0.09375
2 0.153125 0.884375 0.171875 0.23046875
2 0.4 0.62265625 0.11796875 0.16796875
2 0.36875 0.46328125 0.11484375 0.10078125
2 0.54921875 0.42734375 0.084375 0.12265625
2 0.628125 0.42890625 0.075 0.12265625
2 0.64140625 0.33125 0.05234375 0.07109375
3 0.70078125 0.275 0.01875 0.05859375
3 0.6953125 0.246875 0.01484375 0.040625
0 0.841129 0.354431 0.017853 0.041142
0 0.510085 0.340276 0.015697 0.042329
