3 0.55546875 0.49609375 0.028125 0.10546875
3 0.58984375 0.4734375 0.02734375 0.09140625
3 0.540625 0.42578125 0.0265625 0.08359375
3 0.5828125 0.41328125 0.021875 0.0765625
3 0.6078125 0.4125 0.021875 0.0765625
3 0.61875 0.4296875 0.01484375 0.0703125
3 0.65859375 0.42734375 0.01484375 0.075
3 0.565625 0.3859375 0.02109375 0.0703125
3 0.5875 0.35546875 0.025 0.07109375
3 0.1484375 0.53125 0.0578125 0.08828125
3 0.68515625 0.34140625 0.0171875 0.0578125
2 0.63359375 0.3359375 0.05546875 0.0765625
2 0.675 0.284375 0.0609375 0.05546875
0 0.556285 0.492044 0.021177 0.059296
