2 0.44375 0.4984375 0.15390625 0.18515625
2 0.603125 0.37578125 0.09765625 0.140625
2 0.6828125 0.3921875 0.09296875 0.16171875
2 0.74375 0.271875 0.07578125 0.11015625
2 0.8375 0.2140625 0.0515625 0.0765625
2 0.2984375 0.378125 0.15234375 0.13359375
3 0.1734375 0.440625 0.078125 0.1328125
3 0.07578125 0.77890625 0.1453125 0.21015625
3 0.18203125 0.934375 0.13515625 0.12421875
3 0.39453125 0.9015625 0.090625 0.184375
3 0.47734375 0.5984375 0.0609375 0.15625
3 0.765625 0.36484375 0.0265625 0.11171875
3 0.86953125 0.89453125 0.08203125 0.2109375
2 0.921875 0.1125 0.065625 0.128125
0 0.170469 0.941321 0.081309 0.116662
0 0.072407 0.769498 0.057849 0.159981
0 0.166872 0.439370 0.053480 0.098157
1 0.214474 0.322673 0.058731 0.053183
0 0.765397 0.360245 0.026012 0.073769
0 0.479450 0.563806 0.039177 0.063989
1 0.175663 0.467511 0.076529 0.077117
