2 0.1140625 0.55078125 0.1296875 0.10078125
3 0.5296875 0.49140625 0.04296875 0.0890625
3 0.55625 0.4609375 0.0390625 0.0765625
3 0.56953125 0.434375 0.03359375 0.071875
3 0.5046875 0.3546875 0.02265625 0.0640625
3 0.61171875 0.2671875 0.01796875 0.053125
3 0.6140625 0.41171875 0.025 0.07734375
3 0.59453125 0.38125 0.0203125 0.078125
3 0.57734375 0.37109375 0.01953125 0.06875
3 0.6546875 0.35390625 0.0171875 0.06484375
3 0.70390625 0.32578125 0.01875 0.06484375
3 0.68671875 0.31328125 0.0171875 0.0578125
2 0.6546875 0.2984375 0.03359375 0.06015625
2 0.6984375 0.2625 0.040625 0.05859375
