3 0.6703125 0.4796875 0.0328125 0.1140625
3 0.79609375 0.32421875 0.01953125 0.07578125
3 0.8234375 0.28125 0.0171875 0.078125
3 0.790625 0.29453125 0.025 0.071875
3 0.74375 0.27109375 0.0203125 0.0453125
3 0.64140625 0.3765625 0.02578125 0.08046875
2 0.7265625 0.3546875 0.06875 0.11953125
2 0.56328125 0.4015625 0.13984375 0.196875
2 0.67421875 0.3109375 0.0640625 0.09140625
2 0.84296875 0.18984375 0.03671875 0.06875
3 0.8890625 0.18125 0.01328125 0.04609375
3 0.86796875 0.1703125 0.01171875 0.0453125
1 0.194050 0.313313 0.052846 0.041439
