3 0.2375 0.8109375 0.08359375 0.1734375
3 0.56796875 0.446875 0.040625 0.0765625
3 0.6125 0.4203125 0.0265625 0.07578125
3 0.5765625 0.3875 0.02109375 0.0671875
3 0.6015625 0.38984375 0.015625 0.0703125
3 0.59140625 0.3515625 0.021875 0.05625
2 0.69921875 0.36875 0.05078125 0.1015625
2 0.52890625 0.33671875 0.0765625 0.07578125
2 0.6078125 0.28203125 0.04375 0.0625
2 0.6875 0.21640625 0.0421875 0.04921875
2 0.69921875 0.26875 0.04375 0.07890625
3 0.65546875 0.3578125 0.015625 0.0640625
3 0.25859375 0.496875 0.0546875 0.0796875
1 0.568589 0.456415 0.036991 0.040458
0 0.005285 0.634258 0.010565 0.061261
