3 0.71328125 0.51796875 0.0328125 0.15
2 0.725 0.32578125 0.04453125 0.08046875
3 0.74140625 0.33828125 0.00703125 0.04921875
3 0.76015625 0.3484375 0.01875 0.07109375
3 0.7953125 0.34140625 0.01640625 0.06015625
3 0.6765625 0.3046875 0.0109375 0.0359375
3 0.6890625 0.30546875 0.01171875 0.040625
1 0.716074 0.542853 0.034347 0.093499
0 0.715085 0.505041 0.033937 0.109737
0 0.678059 0.306402 0.011220 0.031990
0 0.760957 0.346287 0.016223 0.044798
0 0.690110 0.307948 0.011500 0.038026
0 0.743297 0.353357 0.014695 0.036606
