3 0.715625 0.82265625 0.05625 0.19375
3 0.65 0.84375 0.0515625 0.21640625
3 0.68515625 0.58359375 0.040625 0.15625
3 0.63046875 0.51640625 0.03828125 0.1328125
3 0.7640625 0.36640625 0.03203125 0.0921875
3 0.7015625 0.35703125 0.02578125 0.0984375
3 0.65703125 0.3875 0.028125 0.1109375
3 0.6046875 0.44609375 0.02578125 0.1109375
3 0.57890625 0.46953125 0.02421875 0.11953125
3 0.5453125 0.40859375 0.034375 0.10546875
3 0.5734375 0.55390625 0.040625 0.10390625
3 0.56640625 0.7640625 0.06953125 0.17578125
3 0.6359375 0.71328125 0.034375 0.1703125
3 0.5359375 0.725 0.0515625 0.1796875
3 0.4234375 0.70625 0.06484375 0.16015625
3 0.37734375 0.665625 0.065625 0.17109375
3 0.28125 0.60078125 0.0515625 0.13515625
3 0.32734375 0.590625 0.046875 0.14296875
3 0.24453125 0.56796875 0.0671875 0.12421875
2 0.69453125 0.29921875 0.09140625 0.11953125
2 0.07890625 0.6015625 0.1578125 0.25625
0 0.713546 0.815622 0.048796 0.167951
0 0.214545 0.704342 0.041036 0.163558
0 0.757318 0.318152 0.034922 0.076998
1 0.707901 0.862175 0.058224 0.129005
1 0.273512 0.637043 0.058177 0.091839
1 0.525913 0.762415 0.049004 0.115471
0 0.261435 0.540009 0.039924 0.077576
0 0.293663 0.591003 0.047227 0.114357
1 0.565829 0.796734 0.077808 0.141870
1 0.196287 0.306142 0.049489 0.057157
0 0.534033 0.726591 0.057587 0.180073
1 0.759796 0.379181 0.020170 0.059613
0 0.416836 0.553850 0.026074 0.107625
