3 0.12734375 0.5984375 0.0546875 0.0984375
3 0.2859375 0.53125 0.06484375 0.1046875
2 0.4703125 0.459375 0.10625 0.109375
3 0.5921875 0.38046875 0.02421875 0.07578125
3 0.6359375 0.32734375 0.015625 0.05546875
3 0.77109375 0.340625 0.0140625 0.05703125
2 0.73203125 0.32421875 0.040625 0.06796875
2 0.64375 0.37734375 0.053125 0.06953125
2 0.69375 0.3203125 0.03671875 0.05703125
0 0.281650 0.527449 0.035430 0.079207
0 0.592852 0.374093 0.018188 0.057366
0 0.651999 0.317431 0.013707 0.037182
1 0.593298 0.396919 0.017260 0.037210
0 0.637727 0.323098 0.011999 0.038366
0 0.770231 0.340664 0.014187 0.047125
0 0.124721 0.587234 0.031061 0.079313
