3 0.31328125 0.6375 0.075 0.16875
3 0.36015625 0.6515625 0.0734375 0.175
3 0.43203125 0.7109375 0.07421875 0.1921875
3 0.49453125 0.740625 0.06171875 0.21796875
3 0.5421875 0.6515625 0.05078125 0.146875
3 0.54765625 0.78046875 0.0484375 0.20625
3 0.6234375 0.81171875 0.06015625 0.1921875
3 0.61015625 0.6828125 0.059375 0.190625
3 0.59609375 0.61484375 0.04375 0.134375
3 0.634375 0.54609375 0.040625 0.125
2 0.41953125 0.51953125 0.14140625 0.17890625
2 0.515625 0.56953125 0.14921875 0.2015625
2 0.60390625 0.45703125 0.10078125 0.1546875
2 0.61796875 0.3484375 0.1 0.1171875
2 0.6828125 0.28984375 0.07109375 0.10703125
2 0.75625 0.234375 0.08125 0.1078125
2 0.7359375 0.43828125 0.0921875 0.2125
2 0.85078125 0.71796875 0.2984375 0.5640625
2 0.0484375 0.50390625 0.096875 0.1640625
1 0.619312 0.846746 0.055300 0.120342
1 0.545700 0.815726 0.051176 0.117721
0 0.362730 0.656187 0.070322 0.164094
0 0.624246 0.801946 0.052242 0.174850
1 0.491341 0.788012 0.052188 0.125152
1 0.310801 0.662155 0.071928 0.107775
1 0.194322 0.314160 0.053258 0.041423
0 0.979267 0.886308 0.040651 0.224994
1 0.361179 0.685125 0.074379 0.107175
1 0.425145 0.739154 0.055307 0.125934
