3 0.22890625 0.91171875 0.103125 0.1765625
3 0.24765625 0.784375 0.0984375 0.2171875
3 0.396875 0.59609375 0.071875 0.1796875
3 0.496875 0.77578125 0.07265625 0.21171875
3 0.56328125 0.58671875 0.04921875 0.13671875
3 0.565625 0.48125 0.04296875 0.14921875
3 0.6484375 0.46015625 0.0375 0.11796875
3 0.73359375 0.3625 0.028125 0.10078125
3 0.78203125 0.296875 0.021875 0.0703125
3 0.78671875 0.23671875 0.01796875 0.06015625
3 0.87890625 0.19296875 0.01484375 0.053125
3 0.89140625 0.2359375 0.01796875 0.06328125
2 0.84453125 0.19921875 0.0421875 0.0703125
2 0.72890625 0.2625 0.065625 0.090625
2 0.675 0.32734375 0.0796875 0.1109375
2 0.57578125 0.240625 0.0734375 0.07421875
1 0.195857 0.301897 0.053145 0.064810
0 0.733182 0.358346 0.032234 0.077366
