3 0.60078125 0.81953125 0.05390625 0.22265625
3 0.61796875 0.71640625 0.05078125 0.20703125
3 0.5296875 0.8015625 0.06171875 0.1921875
3 0.4546875 0.73203125 0.0609375 0.1859375
3 0.54296875 0.5328125 0.04453125 0.13671875
3 0.8171875 0.73671875 0.04765625 0.21171875
3 0.7 0.36875 0.02890625 0.1046875
3 0.64453125 0.39296875 0.03515625 0.10390625
3 0.5859375 0.40625 0.03515625 0.1046875
3 0.3203125 0.57421875 0.05625 0.15
3 0.35859375 0.50859375 0.04609375 0.14296875
3 0.39375 0.5453125 0.04296875 0.12421875
3 0.75390625 0.359375 0.02109375 0.1015625
3 0.73359375 0.27734375 0.0203125 0.075
2 0.4375 0.6265625 0.175 0.26953125
0 0.623686 0.689311 0.052854 0.123851
0 0.978040 0.886797 0.043026 0.223101
0 0.649524 0.386568 0.030133 0.063435
0 0.578241 0.556346 0.031964 0.098055
0 0.549952 0.518433 0.036079 0.106749
