3 0.3421875 0.7 0.0828125 0.171875
3 0.26640625 0.70859375 0.07109375 0.1703125
3 0.1546875 0.70390625 0.08203125 0.15
3 0.4375 0.55625 0.04453125 0.12109375
3 0.13671875 0.55859375 0.05546875 0.09921875
3 0.40234375 0.53359375 0.04296875 0.10234375
3 0.43515625 0.45234375 0.0390625 0.09140625
2 0.03515625 0.62890625 0.0703125 0.1484375
3 0.58828125 0.4078125 0.03046875 0.0890625
3 0.60546875 0.35078125 0.01484375 0.05703125
3 0.67890625 0.33671875 0.01328125 0.04609375
3 0.7109375 0.30703125 0.01015625 0.040625
3 0.71796875 0.28828125 0.00703125 0.03515625
3 0.746875 0.2671875 0.00859375 0.0234375
2 0.6515625 0.33359375 0.04375 0.059375
2 0.6921875 0.41640625 0.0640625 0.11171875
2 0.7328125 0.36171875 0.040625 0.0703125
2 0.77265625 0.3296875 0.0265625 0.05546875
2 0.728125 0.32890625 0.0359375 0.05234375
2 0.7515625 0.2984375 0.02109375 0.03984375
3 0.7921875 0.31875 0.009375 0.04765625
2 0.7625 0.28359375 0.0171875 0.03125
2 0.72890625 0.26875 0.0171875 0.02109375
0 0.427231 0.549585 0.036306 0.106696
0 0.146742 0.688848 0.043654 0.112063
0 0.129020 0.694107 0.028319 0.081039
0 0.588241 0.401819 0.023277 0.055381
0 0.680046 0.338195 0.014940 0.049855
0 0.404338 0.520513 0.029323 0.076315
0 0.322054 0.684639 0.048156 0.124945
0 0.606154 0.344314 0.014300 0.040367
0 0.135141 0.566682 0.027148 0.062022
