3 0.6046875 0.8421875 0.05234375 0.1921875
3 0.5484375 0.7765625 0.06328125 0.18515625
3 0.49609375 0.7515625 0.0625 0.171875
3 0.4484375 0.7171875 0.05390625 0.16484375
3 0.56015625 0.6703125 0.05234375 0.1578125
3 0.75234375 0.52421875 0.0328125 0.128125
3 0.4609375 0.5921875 0.0484375 0.13203125
3 0.3984375 0.6625 0.05390625 0.17109375
3 0.32890625 0.51171875 0.04140625 0.11171875
3 0.62109375 0.39921875 0.03046875 0.08828125
3 0.69453125 0.34765625 0.02890625 0.09375
3 0.815625 0.28125 0.01875 0.08359375
2 0.68203125 0.30703125 0.08046875 0.1
2 0.609375 0.371875 0.084375 0.09609375
2 0.5171875 0.4390625 0.11953125 0.14921875
2 0.56640625 0.53125 0.13203125 0.1953125
2 0.38671875 0.5546875 0.16953125 0.20859375
2 0.83984375 0.17421875 0.0421875 0.0546875
1 0.754047 0.551135 0.034919 0.075835
1 0.439233 0.757752 0.052513 0.111825
1 0.601623 0.879721 0.055913 0.109826
0 0.756186 0.506461 0.034736 0.090352
0 0.335564 0.496111 0.030627 0.065579
1 0.485926 0.795527 0.050215 0.114867
0 0.610124 0.823707 0.052706 0.151053
1 0.545106 0.818232 0.058891 0.114107
0 0.553625 0.760904 0.065132 0.147544
1 0.196685 0.314045 0.056339 0.038740
