3 0.02265625 0.62578125 0.0453125 0.08828125
3 0.1234375 0.60625 0.0578125 0.09453125
3 0.109375 0.946875 0.07109375 0.10625
3 0.22109375 0.83359375 0.0625 0.15
3 0.309375 0.88046875 0.05859375 0.15859375
3 0.31796875 0.67421875 0.04375 0.11796875
3 0.35546875 0.715625 0.04609375 0.1125
3 0.41328125 0.74375 0.0453125 0.11953125
3 0.48828125 0.64921875 0.03515625 0.11171875
3 0.47109375 0.59453125 0.0359375 0.1
3 0.546875 0.534375 0.0296875 0.0890625
3 0.56875 0.478125 0.02265625 0.07578125
3 0.60625 0.48125 0.02421875 0.08515625
2 0.51796875 0.465625 0.0953125 0.13828125
3 0.6109375 0.4125 0.0265625 0.0796875
3 0.59296875 0.403125 0.01953125 0.0765625
3 0.690625 0.328125 0.0265625 0.09296875
2 0.67265625 0.29140625 0.0546875 0.08203125
3 0.58203125 0.284375 0.0171875 0.053125
0 0.117855 0.607483 0.038551 0.083896
0 0.597536 0.560749 0.024449 0.073369
0 0.019496 0.627252 0.038753 0.084051
