3 0.234375 0.53671875 0.06328125 0.0984375
3 0.459375 0.46953125 0.03828125 0.09140625
3 0.46953125 0.421875 0.02890625 0.05078125
2 0.51328125 0.47265625 0.10078125 0.1015625
2 0.59609375 0.37578125 0.059375 0.0671875
2 0.52421875 0.63671875 0.1625 0.27421875
2 0.6765625 0.6515625 0.146875 0.31328125
3 0.67421875 0.47578125 0.02578125 0.1109375
3 0.73203125 0.47421875 0.0265625 0.10546875
3 0.69296875 0.41640625 0.02265625 0.09140625
0 0.732139 0.470943 0.027398 0.052936
0 0.468628 0.425756 0.025693 0.050110
0 0.223610 0.519107 0.017110 0.043176
0 0.454086 0.458471 0.025829 0.065382
0 0.240704 0.542794 0.024570 0.051403
