3 0.60625 0.8421875 0.0546875 0.21640625
3 0.65859375 0.7296875 0.0375 0.1859375
3 0.7078125 0.6875 0.0328125 0.17265625
3 0.71796875 0.53984375 0.02734375 0.13046875
3 0.54140625 0.790625 0.04921875 0.159375
3 0.628125 0.5875 0.03984375 0.1328125
3 0.61484375 0.54375 0.03984375 0.1234375
3 0.54375 0.66484375 0.0515625 0.15859375
3 0.48046875 0.7234375 0.06171875 0.18046875
3 0.21484375 0.5921875 0.078125 0.15
3 0.5296875 0.56015625 0.03359375 0.13828125
3 0.471875 0.45234375 0.0390625 0.10859375
3 0.46953125 0.4765625 0.03828125 0.090625
3 0.51796875 0.48203125 0.04375 0.1171875
3 0.33828125 0.309375 0.04609375 0.0953125
3 0.51328125 0.38359375 0.034375 0.0875
3 0.778125 0.37421875 0.0265625 0.09453125
3 0.68046875 0.36640625 0.03359375 0.0953125
3 0.6078125 0.30390625 0.021875 0.04296875
2 0.60390625 0.4734375 0.10078125 0.15
2 0.565625 0.396875 0.115625 0.15234375
2 0.65078125 0.3359375 0.07265625 0.1078125
2 0.740625 0.3234375 0.07265625 0.090625
2 0.69375 0.2796875 0.06796875 0.1
2 0.81875 0.240625 0.04765625 0.07734375
2 0.8546875 0.178125 0.04453125 0.05625
2 0.42265625 0.6546875 0.18515625 0.26796875
2 0.34296875 0.57578125 0.1921875 0.23828125
2 0.17734375 0.528125 0.17578125 0.1703125
2 0.24375 0.384375 0.1375 0.14296875
1 0.605453 0.870684 0.046911 0.142439
0 0.221376 0.590294 0.056940 0.147550
1 0.657459 0.768520 0.044585 0.120381
1 0.541651 0.836308 0.048363 0.097096
0 0.338327 0.306263 0.031659 0.065957
0 0.609859 0.829730 0.051130 0.192529
0 0.660974 0.721679 0.039167 0.142170
0 0.722339 0.516975 0.042186 0.088358
0 0.542975 0.669399 0.039666 0.131606
0 0.707849 0.665757 0.039466 0.130651
