3 0.3515625 0.5125 0.040625 0.08671875
2 0.296875 0.490625 0.10546875 0.1171875
3 0.0234375 0.72578125 0.04609375 0.09140625
3 0.53203125 0.34609375 0.02109375 0.059375
3 0.5140625 0.3234375 0.0203125 0.0578125
3 0.5796875 0.38515625 0.0203125 0.0828125
3 0.59765625 0.3953125 0.01875 0.07265625
3 0.61640625 0.39921875 0.01875 0.0578125
3 0.59765625 0.3375 0.01875 0.05703125
3 0.5921875 0.27421875 0.015625 0.0515625
3 0.6796875 0.215625 0.0140625 0.040625
3 0.69140625 0.3359375 0.01796875 0.05703125
2 0.6265625 0.4578125 0.0765625 0.11484375
2 0.63203125 0.3375 0.05703125 0.0734375
2 0.67734375 0.28125 0.05546875 0.05
2 0.65390625 0.25625 0.03203125 0.059375
0 0.344226 0.507681 0.027063 0.059890
0 0.841441 0.351960 0.014636 0.036787
