3 0.28984375 0.52109375 0.06171875 0.09453125
3 0.43671875 0.465625 0.046875 0.0875
3 0.52109375 0.41484375 0.028125 0.07421875
2 0.59140625 0.371875 0.05703125 0.06328125
2 0.66328125 0.3046875 0.03125 0.05
2 0.68828125 0.2921875 0.02265625 0.03203125
3 0.68125 0.325 0.01328125 0.040625
3 0.69765625 0.29921875 0.009375 0.04296875
3 0.7125 0.29921875 0.0078125 0.034375
3 0.72578125 0.29375 0.0078125 0.0328125
2 0.7359375 0.27734375 0.01953125 0.03125
0 0.430581 0.457988 0.037640 0.064120
0 0.288354 0.509996 0.030989 0.077663
0 0.713087 0.301498 0.011278 0.032034
1 0.437915 0.479489 0.049525 0.063154
0 0.418109 0.421775 0.022522 0.042837
0 0.697453 0.299715 0.010780 0.030968
0 0.529702 0.416550 0.015282 0.044146
0 0.518531 0.408370 0.013633 0.050689
0 0.681491 0.323968 0.016149 0.037713
