3 0.546875 0.775 0.07265625 0.19765625
3 0.49140625 0.73984375 0.06796875 0.20859375
3 0.3453125 0.67734375 0.06171875 0.1578125
3 0.29375 0.61171875 0.059375 0.16796875
3 0.28671875 0.5578125 0.05703125 0.15546875
3 0.4359375 0.5625 0.05703125 0.15078125
3 0.35703125 0.50859375 0.04765625 0.13125
3 0.38125 0.55625 0.0484375 0.1640625
3 0.565625 0.65546875 0.04609375 0.15859375
3 0.65546875 0.55390625 0.0375 0.1328125
3 0.40546875 0.4609375 0.0421875 0.1171875
3 0.7046875 0.3984375 0.01953125 0.08828125
2 0.753125 0.42265625 0.071875 0.15703125
2 0.49765625 0.6078125 0.16796875 0.2484375
2 0.64375 0.340625 0.0953125 0.13515625
2 0.7015625 0.28984375 0.05703125 0.0953125
2 0.74296875 0.24921875 0.0515625 0.0875
3 0.7890625 0.26328125 0.021875 0.071875
3 0.821875 0.20546875 0.0171875 0.0609375
2 0.34765625 0.37421875 0.13828125 0.12890625
2 0.578125 0.2484375 0.07109375 0.06953125
2 0.88046875 0.13984375 0.0390625 0.05
3 0.4578125 0.4265625 0.0484375 0.11171875
3 0.571875 0.4359375 0.04296875 0.0828125
