3 0.0671875 0.8375 0.109375 0.1875
3 0.2984375 0.6359375 0.06953125 0.15390625
3 0.3125 0.57109375 0.05234375 0.10625
3 0.4421875 0.45703125 0.04296875 0.09453125
3 0.48671875 0.47265625 0.034375 0.10546875
3 0.56171875 0.39453125 0.0203125 0.071875
3 0.58515625 0.3703125 0.0171875 0.059375
3 0.63671875 0.37265625 0.0171875 0.04921875
3 0.5953125 0.35859375 0.015625 0.05078125
3 0.63984375 0.325 0.01171875 0.03828125
3 0.66171875 0.3140625 0.01015625 0.04296875
3 0.68515625 0.3203125 0.01171875 0.04453125
2 0.6015625 0.71796875 0.19296875 0.38046875
2 0.65390625 0.42421875 0.07265625 0.0953125
2 0.73203125 0.4328125 0.06328125 0.0953125
2 0.728125 0.32109375 0.03671875 0.0671875
2 0.62734375 0.3609375 0.05859375 0.07109375
0 0.310333 0.628941 0.034245 0.090658
0 0.289899 0.639186 0.051809 0.124860
0 0.311754 0.560945 0.036490 0.077679
0 0.056821 0.809331 0.087397 0.144091
0 0.560997 0.392715 0.021014 0.055111
0 0.662558 0.315978 0.011037 0.034751
0 0.488723 0.462345 0.029249 0.075667
0 0.684720 0.322709 0.013596 0.039006
0 0.694966 0.291649 0.011016 0.026956
0 0.707405 0.295865 0.010880 0.029230
1 0.292335 0.682433 0.036205 0.061006
