3 0.6671875 0.78046875 0.0484375 0.15546875
3 0.4828125 0.8375 0.04921875 0.14140625
3 0.415625 0.778125 0.040625 0.13515625
3 0.0390625 0.534375 0.04140625 0.08515625
3 0.4421875 0.4109375 0.03515625 0.06953125
3 0.49609375 0.38359375 0.03125 0.0703125
2 0.5984375 0.37578125 0.05546875 0.1015625
2 0.7015625 0.26796875 0.04140625 0.06875
0 0.412734 0.750952 0.028567 0.072985
0 0.442728 0.405649 0.027055 0.054521
1 0.417405 0.799689 0.036521 0.075898
1 0.482417 0.842373 0.044401 0.121974
0 0.510073 0.338440 0.017113 0.044213
0 0.484596 0.837329 0.037305 0.128114
