3 0.60546875 0.85703125 0.05859375 0.19140625
3 0.5578125 0.79296875 0.06171875 0.196875
3 0.50625 0.76484375 0.0640625 0.203125
3 0.42890625 0.73203125 0.06484375 0.20703125
3 0.33125 0.62890625 0.0703125 0.18125
3 0.39609375 0.64921875 0.0640625 0.16171875
3 0.65 0.58203125 0.0359375 0.1359375
3 0.6984375 0.4859375 0.0328125 0.11015625
3 0.74140625 0.43828125 0.021875 0.0984375
3 0.76953125 0.490625 0.0265625 0.1171875
3 0.66953125 0.41484375 0.02734375 0.11875
3 0.7875 0.40390625 0.02265625 0.08984375
3 0.6234375 0.7578125 0.04375 0.1296875
3 0.41875 0.45625 0.03984375 0.109375
3 0.47890625 0.62734375 0.06171875 0.1484375
2 0.48359375 0.503125 0.1703125 0.16015625
2 0.284375 0.4515625 0.1703125 0.14453125
2 0.59921875 0.375 0.10390625 0.1390625
2 0.66484375 0.3109375 0.07109375 0.08515625
2 0.71640625 0.2734375 0.06484375 0.0765625
2 0.7578125 0.23671875 0.0546875 0.071875
2 0.6609375 0.221875 0.06640625 0.06640625
0 0.113653 0.315069 0.030730 0.107858
0 0.050970 0.353864 0.045958 0.107989
0 0.259013 0.294103 0.024446 0.065965
0 0.341655 0.270187 0.017857 0.062784
0 0.651712 0.571970 0.036657 0.107241
0 0.740456 0.412865 0.019827 0.043076
0 0.887096 0.591919 0.030422 0.094166
