3 0.153125 0.5703125 0.06015625 0.1
3 0.7078125 0.33671875 0.0125 0.0515625
3 0.7265625 0.33984375 0.0125 0.04921875
3 0.78203125 0.33828125 0.0125 0.0546875
3 0.78828125 0.3328125 0.00703125 0.0453125
2 0.75859375 0.3296875 0.03359375 0.0546875
2 0.57734375 0.39140625 0.06796875 0.06875
2 0.72890625 0.31484375 0.03203125 0.04765625
2 0.734375 0.27890625 0.0375 0.03203125
3 0.7 0.2828125 0.00625 0.02734375
2 0.76953125 0.3 0.021875 0.02109375
2 0.34609375 0.50078125 0.15859375 0.14140625
0 0.151074 0.565091 0.043049 0.073721
0 0.727870 0.345343 0.013980 0.036048
0 0.707688 0.342241 0.013070 0.038030
