3 0.5890625 0.7796875 0.07578125 0.253125
3 0.6171875 0.8875 0.09375 0.225
3 0.215625 0.67890625 0.078125 0.16640625
3 0.03828125 0.82109375 0.0765625 0.1828125
3 0.2953125 0.61796875 0.059375 0.15625
3 0.3484375 0.53359375 0.04609375 0.06171875
3 0.41484375 0.51328125 0.04453125 0.109375
3 0.4234375 0.47421875 0.0375 0.09140625
3 0.5140625 0.46875 0.0421875 0.109375
3 0.52265625 0.43515625 0.0265625 0.07734375
3 0.53203125 0.4125 0.025 0.07578125
3 0.57109375 0.39453125 0.02421875 0.07578125
3 0.6171875 0.35859375 0.01875 0.06640625
3 0.64296875 0.34609375 0.01796875 0.06953125
2 0.37578125 0.63203125 0.16640625 0.18359375
2 0.15 0.5796875 0.159375 0.128125
2 0.66953125 0.43359375 0.06875 0.1046875
2 0.27890625 0.85546875 0.31796875 0.2890625
0 0.349817 0.536853 0.035818 0.059525
0 0.588151 0.754714 0.061470 0.148603
0 0.287775 0.613031 0.038763 0.121397
0 0.614315 0.897675 0.078154 0.203505
1 0.612508 0.952575 0.075381 0.093869
0 0.517372 0.459606 0.031801 0.079407
0 0.413436 0.507293 0.033304 0.088540
0 0.616827 0.357963 0.017328 0.054769
0 0.218885 0.663952 0.040757 0.096382
0 0.535523 0.388068 0.021401 0.046091
0 0.425129 0.474508 0.029483 0.072792
1 0.582459 0.831164 0.052087 0.150413
0 0.568315 0.395964 0.019335 0.053900
0 0.026937 0.807455 0.053739 0.130176
0 0.578650 0.394542 0.012588 0.043737
0 0.567419 0.360062 0.017377 0.032255
