3 0.740625 0.325 0.0109375 0.04609375
3 0.7578125 0.32265625 0.01015625 0.05078125
3 0.7703125 0.303125 0.00859375 0.03828125
3 0.7515625 0.30546875 0.0078125 0.04375
3 0.76015625 0.2828125 0.00703125 0.03203125
3 0.77421875 0.28359375 0.00703125 0.03046875
3 0.78515625 0.2765625 0.0046875 0.0296875
2 0.734375 0.2796875 0.01953125 0.028125
2 0.70703125 0.28125 0.02109375 0.0296875
3 0.68984375 0.2859375 0.00859375 0.028125
0 0.740786 0.326307 0.012659 0.043319
0 0.756501 0.326358 0.014913 0.046004
0 0.689172 0.289443 0.010009 0.025517
