3 0.38671875 0.8859375 0.0921875 0.228125
3 0.49921875 0.8109375 0.065625 0.1515625
3 0.57734375 0.8453125 0.06796875 0.17890625
3 0.37578125 0.6546875 0.075 0.17578125
3 0.42578125 0.72890625 0.06640625 0.146875
3 0.2765625 0.60546875 0.06484375 0.14375
3 0.29140625 0.5453125 0.0578125 0.13046875
3 0.6734375 0.7875 0.075 0.19453125
3 0.6140625 0.721875 0.06796875 0.146875
3 0.48125 0.65390625 0.05 0.15234375
3 0.45078125 0.59921875 0.0484375 0.1578125
3 0.7078125 0.49375 0.03359375 0.12265625
3 0.74765625 0.43828125 0.03046875 0.1296875
3 0.52109375 0.59140625 0.04375 0.128125
2 0.4296875 0.4984375 0.13046875 0.175
2 0.60625 0.60703125 0.15234375 0.23203125
2 0.57109375 0.3828125 0.09765625 0.13046875
2 0.64140625 0.32734375 0.0640625 0.08828125
2 0.70234375 0.36484375 0.08203125 0.1265625
2 0.75859375 0.31328125 0.06484375 0.1109375
2 0.71171875 0.27890625 0.06953125 0.0921875
2 0.75234375 0.2390625 0.0484375 0.07421875
2 0.78671875 0.21953125 0.04609375 0.0734375
2 0.834375 0.20859375 0.03515625 0.07109375
2 0.86171875 0.1609375 0.0375 0.05078125
2 0.6453125 0.44375 0.09765625 0.1234375
3 0.28828125 0.30078125 0.040625 0.08125
1 0.655623 0.824595 0.089315 0.104086
0 0.678355 0.779354 0.055882 0.178010
1 0.289238 0.315608 0.044649 0.052509
0 0.401821 0.439126 0.029566 0.054433
0 0.285268 0.289616 0.017041 0.060260
0 0.384619 0.640784 0.039711 0.117483
1 0.194129 0.314670 0.052126 0.038671
0 0.678407 0.214580 0.017831 0.054103
1 0.283004 0.604977 0.081879 0.162085
