3 0.1875 0.53359375 0.06875 0.14140625
3 0.2984375 0.60703125 0.0734375 0.15078125
3 0.33828125 0.68203125 0.0671875 0.18203125
3 0.36640625 0.60234375 0.05390625 0.1421875
2 0.04765625 0.56796875 0.0953125 0.2140625
2 0.75859375 0.26640625 0.06640625 0.0875
3 0.65078125 0.221875 0.02578125 0.07890625
3 0.69140625 0.1796875 0.0171875 0.0578125
3 0.3734375 0.284375 0.03359375 0.08125
0 0.941299 0.721366 0.045769 0.142797
0 0.019476 0.968808 0.038343 0.061612
1 0.279682 0.642369 0.032247 0.076916
