3 0.4484375 0.728125 0.08203125 0.196875
3 0.70625 0.4734375 0.03515625 0.1421875
3 0.628125 0.4859375 0.0359375 0.1234375
3 0.58828125 0.37578125 0.0328125 0.10703125
3 0.75546875 0.34140625 0.02890625 0.09296875
3 0.78671875 0.29375 0.02109375 0.07578125
3 0.16796875 0.378125 0.0625 0.103125
2 0.371875 0.34921875 0.1328125 0.11640625
2 0.5109375 0.43984375 0.1265625 0.175
2 0.73828125 0.29453125 0.059375 0.09140625
2 0.778125 0.22578125 0.05546875 0.06640625
2 0.81953125 0.184375 0.040625 0.07265625
3 0.821875 0.28359375 0.02265625 0.0734375
1 0.193493 0.315068 0.052252 0.039723
1 0.624351 0.511461 0.029486 0.078936
1 0.702541 0.497930 0.029416 0.070933
1 0.750192 0.363660 0.025430 0.052919
0 0.444674 0.690643 0.058490 0.123163
1 0.167780 0.400317 0.063772 0.052906
1 0.621359 0.454109 0.057063 0.138618
1 0.447827 0.747278 0.076326 0.146364
