2 0.6765625 0.56953125 0.125 0.19140625
2 0.6234375 0.484375 0.09921875 0.15078125
2 0.359375 0.5671875 0.18046875 0.240625
2 0.51796875 0.43828125 0.1125 0.1265625
2 0.628125 0.35625 0.07890625 0.0953125
3 0.5875 0.84765625 0.0671875 0.18828125
3 0.484375 0.74921875 0.05234375 0.18203125
3 0.53203125 0.80703125 0.06015625 0.19375
3 0.5890625 0.678125 0.05390625 0.15703125
3 0.4390625 0.69765625 0.05625 0.16875
3 0.38125 0.684375 0.065625 0.1703125
3 0.51796875 0.653125 0.04921875 0.1203125
3 0.775 0.44921875 0.03203125 0.1046875
3 0.81796875 0.2703125 0.01875 0.08671875
3 0.7828125 0.35546875 0.02109375 0.07109375
3 0.74609375 0.40078125 0.02265625 0.09375
0 0.744834 0.427394 0.017691 0.045905
0 0.750137 0.381746 0.020329 0.052741
