3 0.4015625 0.68203125 0.03671875 0.11875
3 0.46328125 0.7421875 0.0359375 0.14140625
3 0.21796875 0.51796875 0.0578125 0.08828125
3 0.29609375 0.4875 0.05 0.0828125
3 0.43046875 0.38984375 0.03203125 0.0671875
3 0.5984375 0.396875 0.01953125 0.08046875
3 0.6171875 0.403125 0.01953125 0.07890625
3 0.70390625 0.3640625 0.015625 0.0625
3 0.6984375 0.309375 0.01796875 0.06640625
3 0.68125 0.3390625 0.01484375 0.0703125
3 0.65546875 0.37890625 0.01796875 0.0609375
2 0.64921875 0.32109375 0.028125 0.05703125
0 0.401565 0.670489 0.028108 0.089233
0 0.292374 0.482345 0.024470 0.054455
1 0.404888 0.711386 0.024051 0.049806
1 0.295430 0.509283 0.041595 0.034778
0 0.465672 0.733387 0.031933 0.113077
