3 0.69609375 0.90703125 0.0859375 0.1859375
3 0.3828125 0.6796875 0.0546875 0.184375
3 0.4484375 0.76015625 0.05703125 0.21328125
3 0.53828125 0.7671875 0.05390625 0.16953125
3 0.61484375 0.7328125 0.053125 0.15546875
3 0.6953125 0.7515625 0.0421875 0.13125
3 0.63828125 0.86875 0.06640625 0.16796875
3 0.68203125 0.50859375 0.0265625 0.15078125
3 0.6625 0.653125 0.04140625 0.14453125
3 0.621875 0.6046875 0.03828125 0.1375
3 0.51171875 0.6859375 0.04375 0.16171875
3 0.29140625 0.575 0.0703125 0.15859375
3 0.403125 0.46875 0.040625 0.10703125
3 0.50625 0.3890625 0.02734375 0.0765625
3 0.5515625 0.43046875 0.03984375 0.10859375
2 0.66015625 0.32734375 0.0546875 0.09453125
2 0.609375 0.3703125 0.08359375 0.12109375
2 0.45546875 0.49921875 0.13046875 0.1671875
2 0.52109375 0.55859375 0.140625 0.178125
2 0.21796875 0.4296875 0.17109375 0.146875
3 0.26484375 0.35 0.05234375 0.0984375
3 0.36171875 0.31171875 0.04453125 0.0890625
1 0.212726 0.569780 0.085801 0.138669
1 0.293586 0.602376 0.073182 0.099494
1 0.253460 0.596104 0.089807 0.090687
0 0.685446 0.489621 0.034099 0.094153
1 0.156028 0.555973 0.076546 0.124783
0 0.274375 0.367102 0.027404 0.068960
0 0.313719 0.557601 0.029054 0.116736
1 0.387567 0.714880 0.074465 0.126204
0 0.488802 0.402459 0.026153 0.054231
