3 0.53984375 0.4171875 0.028125 0.078125
3 0.571875 0.37734375 0.0203125 0.065625
3 0.61171875 0.36796875 0.01875 0.06015625
3 0.62890625 0.33828125 0.01640625 0.0515625
3 0.68046875 0.2953125 0.0125 0.0359375
3 0.72265625 0.33671875 0.01015625 0.05703125
3 0.73828125 0.3375 0.0125 0.0609375
3 0.75703125 0.33828125 0.0125 0.04921875
3 0.73671875 0.30390625 0.009375 0.03046875
3 0.775 0.27109375 0.0078125 0.0265625
2 0.71171875 0.29140625 0.0234375 0.03984375
2 0.76484375 0.3046875 0.0265625 0.04921875
2 0.74921875 0.28515625 0.01953125 0.0375
2 0.7765625 0.25390625 0.01171875 0.021875
0 0.539408 0.412927 0.026216 0.056270
1 0.540409 0.438524 0.029563 0.037297
0 0.610221 0.369303 0.016557 0.045537
0 0.572544 0.377936 0.019936 0.058704
0 0.629764 0.339923 0.013944 0.044312
1 0.610662 0.388105 0.017177 0.029055
0 0.737812 0.341773 0.014194 0.047130
0 0.721895 0.346527 0.013419 0.036934
1 0.630081 0.351215 0.012586 0.026353
