2 0.03515625 0.6265625 0.0703125 0.134375
2 0.4203125 0.471875 0.1296875 0.10703125
2 0.66953125 0.3125 0.034375 0.0484375
2 0.72734375 0.2859375 0.02109375 0.03359375
2 0.75390625 0.29765625 0.025 0.0453125
2 0.76796875 0.32421875 0.03203125 0.06640625
2 0.784375 0.27890625 0.01484375 0.03125
2 0.7703125 0.26796875 0.01484375 0.02421875
3 0.62890625 0.33359375 0.01484375 0.04609375
3 0.259375 0.53359375 0.0625 0.10078125
0 0.629569 0.332880 0.013002 0.035755
1 0.630045 0.351864 0.014849 0.020185
0 0.261209 0.534256 0.026201 0.060148
