3 0.6953125 0.86328125 0.06171875 0.1578125
3 0.57734375 0.615625 0.025 0.10625
3 0.1765625 0.7984375 0.05703125 0.12890625
3 0.0171875 0.6421875 0.034375 0.09375
3 0.58203125 0.43828125 0.0328125 0.0828125
2 0.30859375 0.5734375 0.11640625 0.109375
2 0.046875 0.5578125 0.09375 0.109375
2 0.55546875 0.33046875 0.0671875 0.07265625
2 0.60078125 0.3703125 0.0515625 0.1015625
2 0.65078125 0.3171875 0.0296875 0.0671875
2 0.70078125 0.28046875 0.04296875 0.06796875
2 0.44375 0.42578125 0.08125 0.109375
2 0.653125 0.2421875 0.05 0.0625
3 0.66015625 0.3671875 0.01328125 0.0625
3 0.6875 0.3109375 0.01484375 0.05546875
0 0.170575 0.783377 0.042731 0.078855
1 0.582523 0.446556 0.032046 0.039614
