3 0.6734375 0.88125 0.05625 0.22109375
3 0.5703125 0.78359375 0.0703125 0.20078125
3 0.61796875 0.56953125 0.0359375 0.13828125
3 0.51640625 0.7296875 0.05625 0.20390625
3 0.45390625 0.725 0.06796875 0.1671875
3 0.3671875 0.67734375 0.06328125 0.16171875
2 0.31015625 0.6234375 0.18671875 0.21171875
2 0.56796875 0.521875 0.140625 0.20625
2 0.47109375 0.48984375 0.1484375 0.17578125
2 0.63984375 0.41953125 0.08203125 0.16875
2 0.584375 0.36640625 0.10390625 0.13984375
2 0.66015625 0.315625 0.078125 0.10078125
2 0.734375 0.28125 0.06875 0.0953125
2 0.8703125 0.32265625 0.08203125 0.11953125
3 0.7859375 0.2875 0.0203125 0.08515625
3 0.81953125 0.28125 0.0203125 0.08046875
3 0.171875 0.49296875 0.07109375 0.1453125
3 0.1046875 0.48203125 0.078125 0.1234375
3 0.1796875 0.39140625 0.05078125 0.09296875
3 0.2625 0.39609375 0.0484375 0.08359375
3 0.3328125 0.41484375 0.04765625 0.09921875
3 0.3703125 0.3 0.0390625 0.09296875
3 0.31796875 0.35859375 0.04609375 0.0875
3 0.35234375 0.4765625 0.05703125 0.09375
0 0.177158 0.492666 0.040248 0.081659
0 0.103935 0.472086 0.047614 0.100927
0 0.252623 0.341702 0.028380 0.055763
0 0.290165 0.756765 0.052982 0.172094
0 0.339238 0.411644 0.031873 0.070672
1 0.669804 0.912750 0.047950 0.132554
1 0.402062 0.722255 0.060835 0.112844
1 0.571111 0.803242 0.068814 0.147590
0 0.673722 0.836412 0.052740 0.145855
0 0.410504 0.448549 0.037249 0.078799
1 0.171156 0.522332 0.069907 0.080071
0 0.188349 0.387639 0.040127 0.070511
1 0.193505 0.310414 0.052275 0.048490
1 0.339252 0.439820 0.059535 0.062066
1 0.817690 0.300554 0.020510 0.049705
