3 0.51796875 0.7859375 0.0609375 0.18984375
3 0.4546875 0.7703125 0.06640625 0.21171875
3 0.42578125 0.70390625 0.065625 0.2
3 0.5140625 0.56171875 0.0515625 0.14609375
3 0.35078125 0.65 0.0671875 0.1734375
3 0.63359375 0.4453125 0.03203125 0.12265625
3 0.7109375 0.3953125 0.02890625 0.11640625
3 0.753125 0.3328125 0.02421875 0.08984375
2 0.540625 0.4234375 0.12890625 0.1875
2 0.32890625 0.5890625 0.17734375 0.20078125
2 0.63984375 0.35859375 0.08046875 0.10703125
2 0.77109375 0.24140625 0.0578125 0.08125
2 0.8265625 0.1890625 0.0453125 0.0609375
3 0.10546875 0.48984375 0.0703125 0.140625
3 0.13125 0.38359375 0.07109375 0.10546875
3 0.31015625 0.31875 0.040625 0.0828125
3 0.3375 0.34609375 0.0578125 0.08984375
2 0.03671875 0.64765625 0.07265625 0.18984375
0 0.518369 0.549580 0.039484 0.099989
0 0.750276 0.357434 0.024251 0.058238
