2 0.3875 0.5484375 0.15 0.19296875
2 0.4671875 0.7 0.16640625 0.240625
3 0.69921875 0.74296875 0.04609375 0.1640625
3 0.66484375 0.9015625 0.053125 0.1875
3 0.60703125 0.86015625 0.0484375 0.19375
3 0.63046875 0.71328125 0.05078125 0.15625
3 0.59921875 0.58515625 0.05625 0.13671875
3 0.60390625 0.63125 0.0328125 0.14296875
3 0.7796875 0.40390625 0.03203125 0.1078125
2 0.54375 0.5328125 0.1203125 0.14296875
2 0.6421875 0.46328125 0.09375 0.1375
2 0.69765625 0.3828125 0.0796875 0.1203125
2 0.584375 0.36484375 0.15078125 0.203125
2 0.42734375 0.37109375 0.11171875 0.09375
2 0.7546875 0.309375 0.06328125 0.09609375
2 0.8015625 0.2578125 0.05 0.078125
2 0.68359375 0.29921875 0.0546875 0.07578125
2 0.7296875 0.259375 0.053125 0.0671875
2 0.8328125 0.22890625 0.03828125 0.075
3 0.825 0.290625 0.0234375 0.06953125
0 0.781584 0.395353 0.027053 0.060495
1 0.777295 0.418830 0.026057 0.059143
1 0.195581 0.315139 0.051795 0.038243
0 0.497763 0.468006 0.033387 0.106559
1 0.665371 0.901634 0.079335 0.194884
1 0.847258 0.391910 0.052280 0.043577
1 0.504161 0.804241 0.059049 0.130093
