2 0.25 0.6890625 0.25859375 0.29609375
2 0.565625 0.41953125 0.1 0.14140625
2 0.721875 0.68828125 0.1328125 0.36484375
2 0.70859375 0.38984375 0.08125 0.11953125
3 0.6296875 0.36484375 0.03359375 0.08515625
2 0.671875 0.30703125 0.0765625 0.11015625
2 0.78671875 0.21484375 0.0546875 0.07265625
2 0.8640625 0.21328125 0.04921875 0.0625
2 0.871875 0.15703125 0.03125 0.05703125
2 0.44921875 0.31484375 0.1359375 0.12890625
2 0.92265625 0.0890625 0.0484375 0.0671875
0 0.796255 0.491422 0.023994 0.099410
1 0.194029 0.311443 0.054648 0.053309
