2 0.25703125 0.54765625 0.16328125 0.153125
2 0.53515625 0.42109375 0.0953125 0.09296875
3 0.7515625 0.3375 0.0125 0.0515625
3 0.771875 0.340625 0.01171875 0.05703125
3 0.7921875 0.3078125 0.00859375 0.03671875
3 0.68984375 0.31796875 0.0125 0.04296875
2 0.709375 0.2859375 0.02265625 0.0328125
2 0.73359375 0.27421875 0.01796875 0.03046875
3 0.75546875 0.2640625 0.0046875 0.02109375
2 0.753125 0.26171875 0.01171875 0.0203125
2 0.775 0.25546875 0.01171875 0.02109375
2 0.7875 0.253125 0.009375 0.01796875
2 0.759375 0.25703125 0.009375 0.0171875
0 0.751272 0.330484 0.013844 0.033707
1 0.752225 0.348902 0.014838 0.032181
