2 0.76640625 0.56796875 0.07890625 0.2234375
2 0.61015625 0.61328125 0.15546875 0.24375
2 0.57265625 0.39296875 0.1046875 0.14765625
2 0.70234375 0.36796875 0.0859375 0.13515625
2 0.64140625 0.32734375 0.071875 0.0953125
2 0.72109375 0.26640625 0.0734375 0.08828125
2 0.80703125 0.23046875 0.04609375 0.084375
2 0.8421875 0.1859375 0.04140625 0.0609375
2 0.3859375 0.36015625 0.13046875 0.11015625
2 0.43125 0.509375 0.13125 0.18828125
2 0.02890625 0.66484375 0.0578125 0.1390625
3 0.2171875 0.475 0.0640625 0.12890625
3 0.28203125 0.60546875 0.06171875 0.1265625
3 0.29296875 0.5359375 0.0578125 0.11953125
3 0.3828125 0.6515625 0.07890625 0.1734375
3 0.425 0.7390625 0.065625 0.16875
3 0.4515625 0.59609375 0.04921875 0.14765625
3 0.4828125 0.64921875 0.04921875 0.14296875
3 0.50234375 0.7515625 0.065625 0.1859375
3 0.52578125 0.79375 0.059375 0.15390625
3 0.5921875 0.80703125 0.06953125 0.18125
3 0.52109375 0.58984375 0.03984375 0.12109375
3 0.540625 0.521875 0.03984375 0.13671875
3 0.49453125 0.52421875 0.04375 0.13984375
3 0.5984375 0.475 0.0328125 0.071875
3 0.76640625 0.40546875 0.028125 0.10234375
3 0.77109375 0.32734375 0.021875 0.07890625
0 0.222511 0.463270 0.042877 0.083099
0 0.619494 0.939777 0.044911 0.092842
0 0.248600 0.707655 0.054136 0.166137
0 0.400987 0.440069 0.029302 0.055153
1 0.218533 0.497292 0.061842 0.086616
1 0.193603 0.316245 0.051899 0.039176
0 0.502285 0.493257 0.028493 0.075532
