3 0.23515625 0.9265625 0.0671875 0.146875
3 0.44296875 0.64375 0.04609375 0.1296875
3 0.2609375 0.58828125 0.05390625 0.109375
3 0.09140625 0.65234375 0.06171875 0.09453125
3 0.45859375 0.47734375 0.03515625 0.0859375
3 0.3640625 0.434375 0.03671875 0.07890625
2 0.16328125 0.53203125 0.11796875 0.1109375
2 0.534375 0.4609375 0.1046875 0.159375
2 0.540625 0.3484375 0.06171875 0.0578125
2 0.64609375 0.34921875 0.05859375 0.0859375
2 0.70078125 0.2890625 0.05 0.0828125
3 0.6859375 0.3953125 0.01875 0.06796875
3 0.68515625 0.35703125 0.0203125 0.05234375
0 0.841332 0.355110 0.015294 0.038615
0 0.252921 0.583225 0.031998 0.078999
