3 0.1203125 0.9078125 0.109375 0.184375
3 0.3703125 0.81484375 0.08046875 0.24375
3 0.425 0.61484375 0.05859375 0.1609375
3 0.48203125 0.51796875 0.0453125 0.14296875
3 0.4828125 0.43359375 0.0359375 0.11953125
3 0.41484375 0.51953125 0.059375 0.1203125
3 0.2046875 0.3921875 0.0609375 0.10546875
3 0.23515625 0.35859375 0.0515625 0.09140625
2 0.55 0.2484375 0.0859375 0.08203125
2 0.7078125 0.28125 0.0671875 0.09140625
3 0.7734375 0.27265625 0.02109375 0.078125
3 0.83046875 0.246875 0.01953125 0.08203125
3 0.79296875 0.24453125 0.02109375 0.0703125
3 0.80703125 0.215625 0.0140625 0.0640625
3 0.85234375 0.22421875 0.01328125 0.0703125
1 0.419297 0.543522 0.058349 0.074378
0 0.376467 0.787017 0.049944 0.134262
0 0.111085 0.911414 0.077977 0.176376
0 0.418463 0.506997 0.034518 0.094188
0 0.236550 0.355956 0.036268 0.082923
0 0.197083 0.390201 0.045340 0.084375
1 0.428969 0.633046 0.065141 0.131487
1 0.374463 0.832475 0.085796 0.180928
0 0.488261 0.421044 0.030006 0.073829
0 0.830794 0.232083 0.014934 0.037041
1 0.207304 0.415457 0.065847 0.059731
1 0.829288 0.257544 0.015838 0.035609
