3 0.44609375 0.74140625 0.0390625 0.115625
3 0.62265625 0.7359375 0.04921875 0.13515625
3 0.125 0.54140625 0.0484375 0.08359375
3 0.36953125 0.45625 0.040625 0.0765625
3 0.43046875 0.409375 0.03203125 0.0765625
3 0.50546875 0.371875 0.0234375 0.0703125
3 0.575 0.3890625 0.0203125 0.06484375
3 0.59921875 0.38828125 0.01875 0.07578125
3 0.61875 0.39453125 0.01640625 0.06796875
2 0.63046875 0.246875 0.0484375 0.0578125
2 0.2734375 0.5484375 0.13046875 0.11953125
0 0.119367 0.537560 0.023845 0.063871
1 0.123926 0.555930 0.043714 0.044396
0 0.426390 0.411053 0.023645 0.059191
0 0.840959 0.349594 0.015965 0.043702
