3 0.26328125 0.82109375 0.06640625 0.1484375
3 0.36953125 0.7203125 0.04765625 0.12265625
2 0.36015625 0.55625 0.1265625 0.1546875
3 0.44453125 0.54765625 0.0421875 0.0875
3 0.46015625 0.4734375 0.03984375 0.07890625
3 0.5453125 0.4921875 0.0328125 0.09375
3 0.584375 0.4484375 0.02890625 0.0828125
3 0.61953125 0.4140625 0.01875 0.0828125
2 0.5796875 0.384375 0.07734375 0.10625
2 0.68125 0.28828125 0.05625 0.08203125
3 0.6984375 0.37109375 0.0234375 0.075
3 0.67890625 0.35390625 0.01328125 0.059375
0 0.554048 0.285714 0.015810 0.041259
1 0.552209 0.301574 0.015967 0.026727
