3 0.63984375 0.8640625 0.06640625 0.2203125
3 0.5125 0.79375 0.05234375 0.1640625
3 0.58671875 0.70703125 0.04375 0.1796875
3 0.5078125 0.6578125 0.05703125 0.1609375
3 0.43984375 0.72578125 0.059375 0.20390625
2 0.38203125 0.54921875 0.165625 0.20859375
2 0.56953125 0.53125 0.1453125 0.18984375
2 0.5296875 0.4296875 0.1078125 0.15859375
2 0.6265625 0.35625 0.09140625 0.115625
2 0.684375 0.3796875 0.11875 0.21015625
3 0.7640625 0.41640625 0.02578125 0.1078125
3 0.28984375 0.32734375 0.0421875 0.09296875
3 0.36640625 0.38046875 0.0453125 0.11015625
2 0.3953125 0.31875 0.1 0.11015625
3 0.03046875 0.4484375 0.0609375 0.12890625
3 0.803125 0.20625 0.01875 0.071875
3 0.61171875 0.25546875 0.021875 0.06015625
1 0.030946 0.470460 0.060763 0.058399
1 0.214504 0.323547 0.060957 0.052907
0 0.514902 0.792294 0.052158 0.137507
0 0.587613 0.683836 0.046887 0.138560
1 0.574259 0.740897 0.065135 0.111695
0 0.282710 0.318432 0.025824 0.067629
0 0.290705 0.326756 0.041964 0.084074
0 0.020242 0.453364 0.040165 0.078583
