3 0.31015625 0.6265625 0.065625 0.1375
3 0.32109375 0.70625 0.08203125 0.2109375
3 0.3640625 0.7796875 0.08125 0.20546875
3 0.43359375 0.80546875 0.084375 0.19765625
3 0.60390625 0.871875 0.06171875 0.16328125
3 0.675 0.94609375 0.0859375 0.1078125
3 0.72109375 0.69296875 0.0453125 0.159375
3 0.66875 0.67734375 0.05390625 0.16796875
3 0.5921875 0.70625 0.05703125 0.1375
3 0.440625 0.64765625 0.078125 0.17265625
3 0.41015625 0.46328125 0.040625 0.10546875
2 0.4765625 0.515625 0.1453125 0.17265625
2 0.58984375 0.36796875 0.109375 0.125
3 0.80078125 0.4578125 0.02890625 0.1390625
3 0.721875 0.559375 0.03515625 0.1125
2 0.6671875 0.3203125 0.0671875 0.10546875
2 0.71640625 0.26796875 0.065625 0.0890625
2 0.7609375 0.24375 0.05 0.0734375
0 0.723707 0.652945 0.042954 0.072505
0 0.680089 0.948725 0.067484 0.101759
1 0.273202 0.374732 0.023915 0.049952
0 0.683529 0.486080 0.045374 0.122777
