3 0.1328125 0.63984375 0.11171875 0.1859375
3 0.06015625 0.81640625 0.1171875 0.24453125
3 0.14453125 0.86484375 0.11640625 0.21875
3 0.27578125 0.84296875 0.09765625 0.21015625
3 0.38984375 0.8953125 0.0859375 0.1859375
3 0.52578125 0.71640625 0.06796875 0.16796875
3 0.6421875 0.81015625 0.06171875 0.20234375
3 0.41171875 0.7046875 0.06875 0.14921875
3 0.43359375 0.625 0.0625 0.12421875
3 0.31875 0.56640625 0.06875 0.1421875
3 0.415625 0.52421875 0.06328125 0.12890625
3 0.5078125 0.51796875 0.04375 0.13984375
3 0.5984375 0.58828125 0.04609375 0.15390625
3 0.6640625 0.634375 0.0390625 0.14375
2 0.61875 0.3578125 0.11015625 0.13125
2 0.7046875 0.36015625 0.0828125 0.10625
2 0.7640625 0.31640625 0.0640625 0.1109375
2 0.6765625 0.2953125 0.06875 0.10390625
2 0.740625 0.25625 0.0609375 0.08671875
2 0.76953125 0.225 0.04609375 0.06796875
2 0.81015625 0.209375 0.04375 0.071875
3 0.7921875 0.4015625 0.02890625 0.09140625
3 0.6859375 0.5375 0.03515625 0.1140625
3 0.61875 0.509375 0.03203125 0.11875
3 0.56484375 0.503125 0.03203125 0.1171875
3 0.5421875 0.44453125 0.03515625 0.0875
2 0.36328125 0.315625 0.11953125 0.14375
2 0.66796875 0.20234375 0.05703125 0.06953125
0 0.276926 0.819385 0.049764 0.162467
0 0.134406 0.619500 0.055568 0.138246
0 0.069633 0.792797 0.048531 0.170661
0 0.226232 0.380444 0.047246 0.091812
0 0.318882 0.554943 0.036577 0.119003
1 0.230518 0.411583 0.061165 0.058933
1 0.788797 0.423368 0.027688 0.056672
0 0.793814 0.398638 0.028531 0.077764
1 0.504581 0.544472 0.043695 0.095303
0 0.689679 0.514210 0.026932 0.058347
