3 0.21796875 0.69609375 0.0765625 0.16328125
3 0.1296875 0.5875 0.05703125 0.10625
3 0.53671875 0.44296875 0.03046875 0.09296875
3 0.5765625 0.38515625 0.01875 0.07578125
3 0.75 0.475 0.028125 0.1265625
2 0.64921875 0.45546875 0.0765625 0.1265625
2 0.471875 0.5421875 0.13359375 0.15625
2 0.621875 0.77109375 0.1828125 0.384375
2 0.2640625 0.54453125 0.14296875 0.1328125
2 0.7375 0.4078125 0.05703125 0.1125
2 0.65078125 0.3296875 0.0375 0.05703125
2 0.7296875 0.3328125 0.0359375 0.06640625
2 0.7796875 0.31640625 0.02421875 0.04921875
2 0.69765625 0.2765625 0.0421875 0.08046875
3 0.44140625 0.45625 0.0203125 0.04765625
0 0.536942 0.432971 0.025695 0.062127
0 0.212403 0.677332 0.050721 0.109081
0 0.750421 0.478182 0.028481 0.068408
1 0.749523 0.508338 0.025616 0.053206
0 0.576660 0.379614 0.021319 0.050031
0 0.119022 0.582971 0.035082 0.087929
0 0.441510 0.462525 0.020930 0.041327
1 0.578125 0.405656 0.017333 0.037249
