2 0.4046875 0.534375 0.1640625 0.1953125
2 0.5578125 0.4046875 0.10390625 0.14921875
2 0.66875 0.31953125 0.0859375 0.1265625
2 0.7609375 0.23359375 0.0484375 0.06640625
2 0.846875 0.18671875 0.03984375 0.0671875
2 0.8984375 0.146875 0.0453125 0.07578125
3 0.70546875 0.37890625 0.02421875 0.10390625
3 0.78203125 0.2828125 0.0203125 0.07734375
3 0.6765625 0.17265625 0.0140625 0.05
3 0.19140625 0.378125 0.05390625 0.1171875
2 0.66640625 0.1515625 0.03828125 0.0671875
1 0.213129 0.319152 0.063551 0.058510
1 0.191872 0.402439 0.058666 0.068884
