2 0.31796875 0.6078125 0.18828125 0.23671875
2 0.51875 0.4390625 0.1296875 0.159375
2 0.6015625 0.45625 0.1234375 0.15234375
2 0.76875 0.3578125 0.125 0.096875
2 0.653125 0.31796875 0.075 0.0984375
2 0.7328125 0.25625 0.0671875 0.09765625
2 0.821875 0.3125 0.04140625 0.09921875
2 0.7875 0.21796875 0.0375 0.07265625
2 0.81875 0.184375 0.03125 0.053125
3 0.66953125 0.66015625 0.03515625 0.16484375
3 0.58046875 0.86171875 0.05390625 0.1671875
3 0.65390625 0.88828125 0.0515625 0.19765625
3 0.54921875 0.77890625 0.05625 0.2015625
3 0.4828125 0.73515625 0.05625 0.16640625
3 0.40703125 0.696875 0.0640625 0.17890625
3 0.3859375 0.671875 0.040625 0.165625
3 0.46171875 0.60859375 0.05 0.13984375
3 0.60390625 0.60234375 0.034375 0.1265625
3 0.690625 0.5375 0.0328125 0.10390625
3 0.6625 0.5046875 0.0296875 0.10546875
3 0.45390625 0.5484375 0.04140625 0.13671875
0 0.222985 0.405960 0.027734 0.099913
0 0.289868 0.715421 0.062376 0.150700
0 0.385275 0.317073 0.019975 0.073474
0 0.509704 0.348447 0.020283 0.060162
1 0.456652 0.562947 0.063611 0.102697
0 0.726594 0.302994 0.024493 0.053264
0 0.260316 0.259133 0.018921 0.090292
0 0.315360 0.274588 0.015385 0.073896
1 0.273304 0.319634 0.020951 0.051827
1 0.220611 0.438243 0.020900 0.048076
