3 0.27578125 0.60234375 0.07890625 0.16328125
3 0.36953125 0.67265625 0.059375 0.15625
3 0.63984375 0.54453125 0.04140625 0.1671875
3 0.6578125 0.29765625 0.028125 0.08828125
3 0.78671875 0.25859375 0.02265625 0.0953125
3 0.8515625 0.1578125 0.01328125 0.0484375
3 0.88515625 0.18046875 0.01640625 0.053125
0 0.641174 0.540704 0.041321 0.127130
1 0.194743 0.305259 0.059541 0.064550
0 0.376778 0.667126 0.051678 0.151063
0 0.280246 0.594628 0.046304 0.122815
1 0.633437 0.576694 0.035033 0.075630
0 0.199485 0.546591 0.037867 0.096232
1 0.278098 0.631190 0.070262 0.106717
1 0.654116 0.320218 0.021715 0.043312
