3 0.5484375 0.775 0.0640625 0.20234375
3 0.62890625 0.5921875 0.04140625 0.15546875
3 0.45703125 0.6015625 0.05078125 0.1328125
3 0.3984375 0.659375 0.06640625 0.1796875
3 0.4453125 0.72109375 0.0609375 0.17734375
2 0.56796875 0.53359375 0.1296875 0.20546875
2 0.3859375 0.56953125 0.17734375 0.228125
2 0.51796875 0.4453125 0.121875 0.16640625
2 0.6140625 0.384375 0.0890625 0.12734375
2 0.68046875 0.31015625 0.08125 0.09296875
2 0.5421875 0.29765625 0.0953125 0.0796875
3 0.31796875 0.403125 0.0546875 0.09921875
3 0.309375 0.3546875 0.0421875 0.1171875
3 0.38515625 0.2984375 0.03828125 0.0890625
3 0.4828125 0.33671875 0.0328125 0.0796875
3 0.06875 0.5078125 0.08125 0.14453125
1 0.629076 0.620035 0.044811 0.091193
0 0.064173 0.501155 0.051130 0.108545
0 0.550881 0.761551 0.068529 0.149398
0 0.386781 0.290341 0.030041 0.064143
1 0.194123 0.313528 0.054873 0.039913
1 0.063214 0.536636 0.084090 0.111649
0 0.321890 0.406301 0.040881 0.080545
0 0.413848 0.651842 0.032558 0.151142
