3 0.1265625 0.575 0.0640625 0.109375
3 0.6421875 0.3328125 0.01015625 0.05078125
3 0.6625 0.31484375 0.0109375 0.04609375
3 0.70859375 0.3359375 0.0140625 0.05078125
3 0.72734375 0.340625 0.015625 0.06015625
3 0.75 0.3421875 0.0140625 0.05703125
3 0.77109375 0.33984375 0.0140625 0.06171875
2 0.44453125 0.4640625 0.11796875 0.10625
0 0.643732 0.337284 0.014852 0.035435
0 0.614387 0.405695 0.027095 0.054505
1 0.617259 0.443714 0.040382 0.044156
0 0.630254 0.478793 0.024446 0.083988
1 0.125795 0.602044 0.058745 0.059635
0 0.663127 0.316575 0.011887 0.033354
0 0.128372 0.573421 0.036866 0.088300
0 0.108177 0.571030 0.023118 0.087152
