3 0.54453125 0.77890625 0.0578125 0.2203125
2 0.31640625 0.59609375 0.1953125 0.25
2 0.5171875 0.4375 0.11796875 0.159375
2 0.6765625 0.30859375 0.0609375 0.09375
2 0.76640625 0.25078125 0.0515625 0.10859375
2 0.85703125 0.33671875 0.09375 0.1140625
3 0.5921875 0.4890625 0.04296875 0.11015625
3 0.70703125 0.39765625 0.03046875 0.08359375
3 0.7265625 0.33515625 0.0234375 0.08828125
3 0.675 0.37109375 0.02265625 0.08671875
3 0.784375 0.28671875 0.0140625 0.06953125
3 0.80546875 0.26875 0.01328125 0.059375
3 0.8484375 0.225 0.01796875 0.06875
3 0.31484375 0.35546875 0.05078125 0.10703125
3 0.26015625 0.32109375 0.0453125 0.0859375
0 0.310664 0.718529 0.052569 0.125202
1 0.593851 0.511127 0.039208 0.086888
0 0.605259 0.375491 0.024355 0.074726
0 0.317982 0.343504 0.031983 0.068351
1 0.704670 0.411764 0.025264 0.053064
1 0.587534 0.398285 0.024674 0.055848
1 0.723381 0.410363 0.061788 0.054990
1 0.540949 0.838693 0.048688 0.110458
0 0.709371 0.378831 0.024811 0.052013
0 0.549336 0.789070 0.061593 0.205088
