3 0.55078125 0.78125 0.0609375 0.18515625
3 0.04921875 0.68515625 0.07890625 0.2078125
3 0.1078125 0.5359375 0.075 0.14765625
3 0.315625 0.3984375 0.053125 0.109375
3 0.3859375 0.3578125 0.0484375 0.090625
3 0.7015625 0.47578125 0.0296875 0.121875
3 0.6546875 0.58203125 0.03984375 0.15078125
3 0.72578125 0.40625 0.03046875 0.10859375
3 0.49375 0.56796875 0.046875 0.14765625
3 0.5203125 0.65 0.03984375 0.13671875
3 0.48203125 0.7390625 0.05390625 0.20234375
3 0.43671875 0.68125 0.05234375 0.165625
3 0.378125 0.6734375 0.05390625 0.17578125
3 0.4359375 0.603125 0.04609375 0.1265625
3 0.54921875 0.5265625 0.03828125 0.12890625
2 0.36171875 0.5703125 0.1765625 0.24375
2 0.5203125 0.44375 0.11171875 0.14921875
2 0.63515625 0.48203125 0.11953125 0.16328125
2 0.6328125 0.3703125 0.08828125 0.1140625
2 0.78359375 0.28125 0.0375 0.090625
2 0.690625 0.3078125 0.05703125 0.08984375
2 0.78046875 0.21484375 0.0484375 0.06484375
0 0.554460 0.752858 0.050528 0.124141
0 0.978295 0.886220 0.042528 0.224482
