3 0.63203125 0.828125 0.084375 0.2609375
3 0.7140625 0.61171875 0.040625 0.18046875
3 0.74765625 0.4734375 0.02265625 0.11640625
3 0.69453125 0.43984375 0.02109375 0.09375
3 0.7390625 0.42734375 0.0203125 0.08671875
3 0.74453125 0.35859375 0.01484375 0.0671875
3 0.58515625 0.359375 0.015625 0.0609375
3 0.75703125 0.33046875 0.0109375 0.05546875
3 0.76640625 0.3078125 0.00859375 0.04609375
3 0.77734375 0.32109375 0.0109375 0.04765625
3 0.78515625 0.28515625 0.00703125 0.03046875
2 0.65625 0.3484375 0.04609375 0.0578125
2 0.73515625 0.309375 0.02578125 0.05078125
2 0.73046875 0.27578125 0.01953125 0.0296875
3 0.690625 0.30703125 0.01015625 0.0421875
3 0.7109375 0.290625 0.0078125 0.0359375
0 0.690244 0.309582 0.011301 0.033602
0 0.631896 0.770589 0.067446 0.158268
0 0.694764 0.429834 0.027541 0.070460
0 0.756673 0.330843 0.014723 0.046016
0 0.714527 0.601038 0.038231 0.146797
0 0.584935 0.364501 0.015720 0.044880
0 0.739598 0.418578 0.026680 0.058398
