3 0.06484375 0.5390625 0.0515625 0.08828125
3 0.0875 0.7125 0.0671875 0.096875
3 0.11484375 0.64453125 0.059375 0.0859375
3 0.3 0.53359375 0.0375 0.07890625
3 0.3671875 0.5046875 0.03828125 0.08359375
3 0.32421875 0.4875 0.03359375 0.0828125
3 0.3765625 0.43984375 0.0328125 0.05625
3 0.42578125 0.43203125 0.03125 0.07109375
3 0.45 0.3734375 0.02265625 0.06484375
3 0.46328125 0.38046875 0.02265625 0.0625
2 0.51796875 0.3546875 0.07421875 0.11171875
2 0.603125 0.290625 0.053125 0.06171875
3 0.546875 0.2984375 0.01796875 0.04453125
3 0.6109375 0.42109375 0.02890625 0.06484375
2 0.60390625 0.36640625 0.0484375 0.08671875
2 0.20390625 0.66953125 0.153125 0.16796875
2 0.15625 0.54609375 0.1328125 0.10390625
3 0.22109375 0.56875 0.0453125 0.06640625
0 0.060170 0.535433 0.032155 0.070401
0 0.311843 0.534017 0.020584 0.045867
0 0.546363 0.295196 0.017252 0.045873
0 0.104351 0.649245 0.036577 0.080648
0 0.431561 0.435133 0.013618 0.038756
0 0.367024 0.505720 0.033151 0.055680
1 0.089326 0.718017 0.069692 0.105088
