3 0.66171875 0.8609375 0.0484375 0.1953125
3 0.69609375 0.93515625 0.05625 0.1296875
3 0.60234375 0.91875 0.05546875 0.12265625
3 0.40546875 0.696875 0.0609375 0.1828125
3 0.41796875 0.615625 0.0515625 0.153125
3 0.5578125 0.634375 0.0515625 0.17578125
3 0.61171875 0.58984375 0.0484375 0.15
2 0.4921875 0.84453125 0.2203125 0.28125
2 0.6390625 0.50078125 0.09453125 0.153125
2 0.72421875 0.3640625 0.07890625 0.14140625
2 0.80859375 0.2703125 0.065625 0.10625
2 0.7703125 0.234375 0.059375 0.08359375
2 0.72578125 0.2703125 0.05546875 0.065625
2 0.67734375 0.32265625 0.06953125 0.1125
2 0.6 0.37578125 0.09296875 0.128125
3 0.56328125 0.47578125 0.040625 0.12734375
3 0.51796875 0.51484375 0.04609375 0.1078125
3 0.54296875 0.58671875 0.04765625 0.13984375
3 0.303125 0.53515625 0.05703125 0.14375
2 0.3546875 0.59140625 0.159375 0.203125
2 0.48515625 0.47421875 0.1328125 0.184375
2 0.89140625 0.14140625 0.08984375 0.096875
0 0.694779 0.939589 0.060953 0.120435
0 0.602539 0.917262 0.051922 0.115216
