2 0.11015625 0.775 0.21015625 0.234375
2 0.44296875 0.58203125 0.14296875 0.165625
2 0.55625 0.4046875 0.071875 0.07734375
2 0.64375 0.3640625 0.0578125 0.07578125
2 0.64375 0.3234375 0.0421875 0.0421875
2 0.690625 0.3265625 0.0375 0.05
2 0.7140625 0.2984375 0.0265625 0.0359375
2 0.6796875 0.3015625 0.03046875 0.0375
2 0.7578125 0.27421875 0.01796875 0.03046875
3 0.5875 0.35390625 0.01796875 0.05390625
3 0.45859375 0.4453125 0.03515625 0.07890625
3 0.35625 0.49140625 0.0515625 0.09296875
3 0.74609375 0.328125 0.01171875 0.05234375
3 0.76171875 0.29921875 0.00703125 0.0390625
3 0.771875 0.33203125 0.01171875 0.0484375
3 0.77890625 0.28203125 0.00703125 0.0296875
3 0.784375 0.271875 0.00546875 0.028125
3 0.7265625 0.26484375 0.0046875 0.02421875
3 0.73671875 0.26171875 0.00390625 0.0171875
0 0.459349 0.441367 0.031719 0.062521
0 0.584941 0.353182 0.017419 0.040609
0 0.745888 0.329528 0.012801 0.047319
0 0.771451 0.340568 0.013786 0.040666
0 0.361917 0.493251 0.025607 0.049531
