3 0.11953125 0.92734375 0.1328125 0.1453125
3 0.15234375 0.65 0.10703125 0.18515625
3 0.17734375 0.75 0.08984375 0.20703125
3 0.3671875 0.765625 0.08125 0.18984375
3 0.2921875 0.934375 0.103125 0.13125
3 0.4640625 0.80546875 0.08046875 0.18125
3 0.4984375 0.6953125 0.0703125 0.16484375
3 0.64765625 0.62890625 0.04609375 0.12734375
3 0.62421875 0.559375 0.04609375 0.140625
3 0.5671875 0.56796875 0.04921875 0.15078125
3 0.5125 0.5734375 0.0515625 0.15390625
3 0.45078125 0.625 0.06171875 0.1484375
2 0.49609375 0.48828125 0.1453125 0.20546875
2 0.56875 0.40234375 0.07734375 0.11171875
2 0.65546875 0.42421875 0.11875 0.1515625
2 0.65234375 0.3203125 0.0875 0.10390625
2 0.74765625 0.346875 0.07890625 0.1109375
2 0.81796875 0.3 0.06328125 0.0921875
2 0.7421875 0.271875 0.06328125 0.0796875
2 0.79453125 0.23203125 0.04609375 0.0703125
3 0.04921875 0.41796875 0.08046875 0.1265625
0 0.645402 0.610610 0.038606 0.102232
