2 0.3859375 0.578125 0.2015625 0.26953125
2 0.48828125 0.6546875 0.16015625 0.23125
3 0.52890625 0.753125 0.05859375 0.1921875
3 0.58125 0.79140625 0.04765625 0.215625
3 0.61328125 0.89921875 0.05 0.1875
3 0.6765625 0.80546875 0.06015625 0.19609375
3 0.6546875 0.70390625 0.040625 0.15859375
3 0.68515625 0.52421875 0.0359375 0.1375
3 0.5640625 0.50078125 0.0390625 0.10546875
3 0.6078125 0.59609375 0.040625 0.13671875
2 0.6578125 0.43515625 0.09609375 0.1609375
2 0.5203125 0.46171875 0.10859375 0.1640625
2 0.6109375 0.38203125 0.09296875 0.134375
2 0.675 0.33046875 0.06328125 0.08515625
2 0.7171875 0.2859375 0.053125 0.0859375
3 0.29296875 0.5546875 0.0625 0.13671875
3 0.4828125 0.41484375 0.0390625 0.08984375
0 0.706576 0.552024 0.038471 0.075431
0 0.787266 0.498242 0.026881 0.100436
0 0.666994 0.975099 0.042445 0.048841
