2 0.5578125 0.4140625 0.103125 0.13203125
2 0.7140625 0.375 0.09296875 0.11953125
2 0.6703125 0.3171875 0.0765625 0.1
3 0.14609375 0.6515625 0.09375 0.165625
3 0.24453125 0.728125 0.0828125 0.2109375
3 0.32265625 0.7703125 0.08984375 0.2109375
3 0.4125 0.846875 0.09296875 0.2265625
3 0.453125 0.6890625 0.05859375 0.1671875
3 0.3796875 0.6171875 0.065625 0.1671875
3 0.47578125 0.54375 0.053125 0.128125
3 0.54921875 0.603125 0.04296875 0.1578125
3 0.67109375 0.57890625 0.04765625 0.14609375
3 0.74765625 0.46640625 0.034375 0.1109375
3 0.6140625 0.49765625 0.034375 0.10625
3 0.43046875 0.4828125 0.04453125 0.125
2 0.84609375 0.240625 0.06484375 0.09140625
0 0.390003 0.603847 0.044962 0.135034
1 0.670225 0.579303 0.042080 0.147489
0 0.154968 0.637145 0.040377 0.146511
0 0.816325 0.743589 0.035118 0.148040
0 0.247198 0.720098 0.051148 0.131260
1 0.193035 0.313368 0.052849 0.040370
1 0.320067 0.820405 0.094373 0.142337
0 0.399648 0.454446 0.027315 0.109875
1 0.147955 0.680560 0.101344 0.118636
1 0.549957 0.611657 0.050620 0.138544
