3 0.65546875 0.32734375 0.01484375 0.04765625
3 0.6921875 0.296875 0.009375 0.03359375
3 0.72734375 0.2625 0.00625 0.0203125
2 0.73125 0.32421875 0.03515625 0.06328125
2 0.76640625 0.3265625 0.0265625 0.06484375
3 0.78125 0.3484375 0.01328125 0.06015625
2 0.75078125 0.3015625 0.01796875 0.040625
2 0.7796875 0.3078125 0.02109375 0.03984375
2 0.7515625 0.2828125 0.01875 0.0265625
2 0.75703125 0.27578125 0.01875 0.02890625
0 0.656737 0.332709 0.012554 0.036473
0 0.780382 0.358633 0.013701 0.035159
