2 0.78125 0.721875 0.140625 0.309375
2 0.51640625 0.4484375 0.12578125 0.15859375
2 0.646875 0.334375 0.0875 0.1046875
2 0.73515625 0.26328125 0.053125 0.07421875
2 0.39140625 0.58203125 0.184375 0.24921875
3 0.26015625 0.57734375 0.071875 0.153125
3 0.34296875 0.5125 0.0515625 0.109375
3 0.39609375 0.68359375 0.06171875 0.165625
3 0.44921875 0.70078125 0.05234375 0.18984375
3 0.51171875 0.59921875 0.04765625 0.13984375
3 0.75234375 0.3 0.02265625 0.08046875
3 0.80625 0.2578125 0.0171875 0.06328125
3 0.534375 0.76640625 0.0625 0.21953125
3 0.2796875 0.3609375 0.04375 0.090625
2 0.87265625 0.16015625 0.075 0.15
0 0.454098 0.675690 0.049730 0.114585
0 0.400478 0.452304 0.038048 0.054212
0 0.977774 0.886221 0.043527 0.224741
