3 0.71953125 0.4125 0.0265625 0.10078125
3 0.76484375 0.36015625 0.02265625 0.078125
3 0.7671875 0.30546875 0.0265625 0.07421875
3 0.81171875 0.29375 0.01796875 0.0765625
3 0.74296875 0.28125 0.0203125 0.06796875
3 0.86640625 0.20546875 0.015625 0.05625
2 0.67421875 0.33984375 0.09140625 0.10703125
3 0.7046875 0.3734375 0.028125 0.0875
2 0.61328125 0.58515625 0.1296875 0.19140625
3 0.49765625 0.43515625 0.04375 0.11015625
2 0.36640625 0.55234375 0.17421875 0.21640625
3 0.3578125 0.66328125 0.07109375 0.15390625
2 0.21875 0.853125 0.328125 0.29375
3 0.09609375 0.48125 0.09296875 0.13046875
3 0.10546875 0.421875 0.08046875 0.10625
3 0.81328125 0.24765625 0.015625 0.040625
3 0.853125 0.18203125 0.015625 0.04765625
2 0.79453125 0.21953125 0.0546875 0.07265625
3 0.6796875 0.19921875 0.0140625 0.053125
0 0.105882 0.413996 0.043144 0.089251
0 0.091432 0.466391 0.060713 0.097108
1 0.195605 0.313239 0.055475 0.040659
1 0.497359 0.448654 0.043765 0.076998
1 0.714336 0.429385 0.024705 0.062853
0 0.189469 0.288508 0.024253 0.046759
