3 0.61328125 0.35 0.01328125 0.05859375
3 0.6515625 0.34453125 0.01640625 0.05390625
3 0.7625 0.3390625 0.0140625 0.05546875
3 0.78359375 0.30625 0.01015625 0.0421875
3 0.7765625 0.28984375 0.00625 0.0328125
3 0.75390625 0.3015625 0.00859375 0.03984375
3 0.76328125 0.27265625 0.0078125 0.02734375
2 0.7484375 0.25390625 0.0109375 0.01796875
2 0.765625 0.24765625 0.009375 0.0125
0 0.613979 0.350071 0.016005 0.048394
0 0.651106 0.336937 0.016810 0.038637
1 0.652346 0.357328 0.014634 0.026480
1 0.761103 0.351022 0.016950 0.034107
