3 0.390625 0.6515625 0.06640625 0.17109375
3 0.340625 0.53046875 0.0546875 0.13671875
3 0.715625 0.396875 0.02890625 0.0984375
2 0.7015625 0.284375 0.07734375 0.0890625
2 0.80859375 0.26953125 0.05703125 0.09765625
3 0.85 0.16953125 0.0171875 0.04609375
3 0.88515625 0.21953125 0.01796875 0.06328125
2 0.090625 0.453125 0.18125 0.17109375
1 0.336297 0.554575 0.062431 0.089691
0 0.343727 0.526560 0.040675 0.125653
0 0.262156 0.263966 0.021949 0.088079
0 0.281953 0.270596 0.019685 0.084071
1 0.194337 0.301108 0.053061 0.064886
1 0.393398 0.668694 0.068526 0.124455
1 0.230735 0.281202 0.039479 0.040587
0 0.389370 0.644201 0.049356 0.164136
0 0.257239 0.494188 0.038926 0.136515
