3 0.5796875 0.81015625 0.06328125 0.215625
3 0.2953125 0.56796875 0.06171875 0.15078125
3 0.340625 0.6140625 0.06640625 0.16015625
3 0.4046875 0.4875 0.05 0.13359375
3 0.46796875 0.4328125 0.04609375 0.12109375
3 0.584375 0.3765625 0.0359375 0.1
3 0.6359375 0.30390625 0.0359375 0.0890625
3 0.69296875 0.37578125 0.02890625 0.10390625
3 0.68984375 0.303125 0.02890625 0.08046875
3 0.74609375 0.29375 0.0296875 0.09375
3 0.79765625 0.2703125 0.02578125 0.0890625
3 0.146875 0.39453125 0.05859375 0.1140625
3 0.365625 0.290625 0.04453125 0.07265625
3 0.81328125 0.1921875 0.01328125 0.06953125
3 0.67734375 0.20078125 0.01953125 0.0640625
1 0.690147 0.397517 0.023995 0.058557
0 0.142907 0.383575 0.042532 0.086519
1 0.146471 0.407569 0.058873 0.076516
1 0.398607 0.511775 0.060181 0.078484
1 0.193344 0.307917 0.054589 0.053244
0 0.694976 0.371630 0.017614 0.060851
1 0.586372 0.393493 0.037853 0.051613
0 0.474787 0.426281 0.027845 0.084875
0 0.589358 0.368025 0.029424 0.078010
0 0.155771 0.380150 0.036073 0.085493
1 0.339546 0.640572 0.073399 0.114884
0 0.300480 0.561243 0.034318 0.124022
1 0.279722 0.605147 0.043830 0.081019
0 0.364298 0.288919 0.038128 0.071839
1 0.364914 0.308236 0.040931 0.054209
1 0.275332 0.485883 0.042519 0.061401
0 0.343248 0.465049 0.026645 0.062123
0 0.680011 0.196811 0.018627 0.041540
