3 0.8375 0.73984375 0.053125 0.16796875
3 0.50703125 0.53515625 0.0546875 0.13203125
3 0.665625 0.38125 0.0296875 0.1046875
3 0.78828125 0.26796875 0.015625 0.059375
2 0.5671875 0.39140625 0.1140625 0.14609375
2 0.71171875 0.27734375 0.0625 0.08828125
3 0.30078125 0.3390625 0.04921875 0.11015625
3 0.815625 0.196875 0.040625 0.06171875
3 0.875 0.165625 0.0375 0.04296875
0 0.352584 0.466408 0.033487 0.109043
0 0.246903 0.515707 0.032843 0.123980
1 0.302613 0.354335 0.044975 0.046138
0 0.530844 0.268500 0.011076 0.028784
