2 0.584375 0.4 0.1078125 0.15703125
3 0.6328125 0.4375 0.0328125 0.115625
3 0.7015625 0.38828125 0.03203125 0.08828125
3 0.73828125 0.325 0.02265625 0.08046875
3 0.771875 0.51328125 0.02578125 0.115625
2 0.76015625 0.234375 0.06015625 0.08828125
2 0.840625 0.175 0.040625 0.05703125
2 0.89375 0.1390625 0.03046875 0.05
3 0.8546875 0.21171875 0.01875 0.06328125
3 0.8796875 0.1859375 0.015625 0.0578125
2 0.44140625 0.3625 0.10625 0.09453125
3 0.04453125 0.4703125 0.0890625 0.12734375
1 0.631426 0.457511 0.036117 0.068268
0 0.027484 0.460463 0.054967 0.102072
0 0.636062 0.427520 0.027180 0.089780
1 0.043796 0.487980 0.087312 0.091412
0 0.738437 0.317565 0.024170 0.063341
1 0.194841 0.312114 0.050988 0.045039
1 0.732759 0.343247 0.017671 0.045239
