2 0.06171875 0.64921875 0.12265625 0.1359375
2 0.1734375 0.875 0.19140625 0.25
3 0.25546875 0.91796875 0.06171875 0.16328125
3 0.146875 0.5890625 0.05078125 0.09296875
3 0.25078125 0.59296875 0.0546875 0.10078125
3 0.43203125 0.621875 0.03828125 0.115625
3 0.39140625 0.52734375 0.04296875 0.09375
3 0.409375 0.4921875 0.04375 0.07734375
3 0.50703125 0.5203125 0.02890625 0.09453125
3 0.52421875 0.4546875 0.03515625 0.053125
2 0.63671875 0.3359375 0.06484375 0.09453125
0 0.257410 0.588775 0.036255 0.082471
0 0.143967 0.590071 0.028983 0.067015
