2 0.165625 0.8578125 0.33125 0.284375
2 0.3890625 0.55078125 0.16484375 0.2421875
2 0.61875 0.3515625 0.0921875 0.13203125
2 0.77265625 0.23359375 0.04765625 0.078125
2 0.821875 0.190625 0.0453125 0.046875
2 0.853125 0.1640625 0.03203125 0.04609375
3 0.67734375 0.38203125 0.028125 0.0890625
3 0.50625 0.68203125 0.05625 0.175
3 0.4890625 0.4546875 0.04296875 0.12109375
2 0.03125 0.765625 0.0625 0.26796875
1 0.503648 0.731599 0.053107 0.111895
0 0.680055 0.373232 0.025002 0.072881
1 0.676067 0.403911 0.028781 0.052530
0 0.518288 0.635042 0.034075 0.065573
0 0.510608 0.679034 0.049623 0.108465
1 0.492158 0.474664 0.040882 0.057738
