3 0.18671875 0.9296875 0.0671875 0.140625
3 0.14609375 0.88515625 0.06484375 0.14609375
3 0.159375 0.79921875 0.059375 0.10546875
3 0.290625 0.79609375 0.0578125 0.13515625
3 0.35 0.8125 0.053125 0.14921875
3 0.46875 0.68359375 0.03984375 0.1265625
3 0.39921875 0.696875 0.04375 0.12265625
3 0.3078125 0.69609375 0.0484375 0.08828125
3 0.3375 0.63984375 0.04453125 0.09609375
3 0.38671875 0.64375 0.03671875 0.10390625
3 0.2109375 0.615625 0.05625 0.10703125
3 0.36328125 0.546875 0.04609375 0.1
3 0.45 0.62734375 0.0390625 0.109375
3 0.5140625 0.5875 0.04140625 0.10234375
3 0.446875 0.559375 0.03984375 0.07734375
3 0.4375 0.5046875 0.0390625 0.0828125
3 0.54296875 0.53125 0.02734375 0.084375
3 0.53828125 0.48515625 0.0296875 0.08203125
3 0.49453125 0.459375 0.0328125 0.08203125
3 0.6015625 0.50625 0.02734375 0.084375
3 0.58515625 0.4640625 0.02578125 0.090625
3 0.6125 0.4171875 0.01953125 0.0734375
3 0.62109375 0.440625 0.0125 0.07265625
3 0.70078125 0.33125 0.01796875 0.06328125
2 0.59921875 0.3640625 0.05390625 0.10078125
2 0.7078125 0.271875 0.0359375 0.06640625
2 0.171875 0.5328125 0.12890625 0.11953125
0 0.841613 0.353351 0.015065 0.041619
0 0.155233 0.792635 0.032233 0.082789
1 0.291598 0.799861 0.058505 0.125017
0 0.510292 0.338198 0.016291 0.043609
1 0.211497 0.637993 0.052160 0.064552
