2 0.19921875 0.6078125 0.14296875 0.13671875
2 0.55234375 0.45 0.0890625 0.096875
2 0.66796875 0.3546875 0.046875 0.0515625
2 0.70546875 0.30703125 0.028125 0.03671875
2 0.72265625 0.28203125 0.0234375 0.03515625
3 0.68125 0.2984375 0.01015625 0.034375
3 0.6578125 0.31171875 0.009375 0.0375
3 0.62421875 0.33203125 0.01171875 0.0453125
3 0.640625 0.5078125 0.03203125 0.13046875
3 0.66015625 0.621875 0.05234375 0.2125
0 0.641600 0.479359 0.032451 0.065545
0 0.657928 0.313325 0.011544 0.028873
0 0.658291 0.597133 0.044850 0.141125
0 0.681446 0.302643 0.012004 0.032957
0 0.625037 0.330709 0.014545 0.044099
