2 0.73203125 0.4375 0.0828125 0.15
2 0.72734375 0.33359375 0.0703125 0.09921875
2 0.82265625 0.28203125 0.04921875 0.09765625
2 0.7640625 0.28125 0.0515625 0.08828125
2 0.6921875 0.275 0.0671875 0.096875
2 0.42109375 0.65625 0.1796875 0.28046875
2 0.34375 0.5703125 0.1859375 0.2453125
2 0.56875 0.39453125 0.11796875 0.1390625
2 0.60234375 0.4703125 0.10703125 0.14375
2 0.65 0.3328125 0.07265625 0.10703125
2 0.7734375 0.221875 0.05859375 0.06640625
2 0.8359375 0.17421875 0.04921875 0.06640625
3 0.6890625 0.815625 0.05859375 0.18984375
3 0.6015625 0.834375 0.04453125 0.1890625
3 0.63515625 0.71875 0.04765625 0.15078125
3 0.7140625 0.9296875 0.04375 0.140625
3 0.63828125 0.921875 0.0546875 0.1515625
3 0.54765625 0.7984375 0.0484375 0.18203125
3 0.59609375 0.6015625 0.05234375 0.1296875
3 0.53984375 0.6625 0.04140625 0.17421875
3 0.48203125 0.73046875 0.05859375 0.178125
3 0.2203125 0.59140625 0.0828125 0.15234375
3 0.5296875 0.55546875 0.03828125 0.15390625
3 0.51328125 0.3890625 0.04765625 0.0953125
0 0.071578 0.423357 0.036226 0.102680
0 0.716616 0.936670 0.058838 0.126360
0 0.635949 0.924576 0.059889 0.136283
1 0.193881 0.314895 0.050256 0.038674
1 0.070165 0.446832 0.087475 0.088474
1 0.542019 0.833813 0.047414 0.086731
0 0.640557 0.722129 0.050993 0.151961
0 0.544430 0.655802 0.040437 0.108328
0 0.215351 0.588685 0.043445 0.143474
