3 0.41953125 0.86484375 0.08828125 0.26875
3 0.6375 0.62109375 0.046875 0.1875
3 0.73984375 0.434375 0.028125 0.096875
3 0.7171875 0.40859375 0.0203125 0.08046875
3 0.690625 0.39375 0.0203125 0.07890625
2 0.6234375 0.49296875 0.10234375 0.165625
2 0.53046875 0.8921875 0.23359375 0.21484375
2 0.68046875 0.33671875 0.0375 0.0515625
0 0.415220 0.795082 0.060172 0.113468
0 0.637773 0.597655 0.047400 0.130094
1 0.738955 0.453598 0.024187 0.064566
0 0.739357 0.426511 0.023828 0.068577
0 0.688864 0.391547 0.022844 0.061261
1 0.421719 0.899094 0.087677 0.201382
1 0.636957 0.655618 0.047925 0.118341
1 0.715811 0.431911 0.016528 0.041341
0 0.712073 0.387772 0.027757 0.038150
0 0.716739 0.423938 0.018156 0.052938
