2 0.11484375 0.87421875 0.2296875 0.2515625
2 0.1890625 0.59140625 0.14296875 0.1296875
2 0.434375 0.5484375 0.15 0.17421875
2 0.64765625 0.47421875 0.1 0.17109375
2 0.7046875 0.3046875 0.02421875 0.03515625
2 0.746875 0.30625 0.03125 0.04140625
3 0.73671875 0.4921875 0.02890625 0.1296875
3 0.7265625 0.45 0.02890625 0.1109375
3 0.63671875 0.3703125 0.01640625 0.06015625
3 0.65625 0.34921875 0.0140625 0.05859375
3 0.75390625 0.3421875 0.0125 0.05625
3 0.78125 0.33515625 0.01015625 0.0515625
3 0.77265625 0.3140625 0.0109375 0.04375
3 0.65859375 0.31484375 0.009375 0.03828125
3 0.6328125 0.340625 0.0109375 0.0359375
3 0.58828125 0.38359375 0.02109375 0.065625
3 0.5578125 0.38203125 0.02109375 0.06796875
3 0.534375 0.44453125 0.0296875 0.08359375
3 0.49765625 0.434375 0.02890625 0.084375
0 0.533572 0.437091 0.028778 0.065916
0 0.498548 0.431878 0.028558 0.066407
0 0.734255 0.483371 0.032079 0.088846
0 0.635220 0.370425 0.017756 0.040148
0 0.584508 0.365841 0.012681 0.029751
0 0.729337 0.438772 0.031523 0.078702
0 0.633088 0.338957 0.013166 0.030369
