3 0.490625 0.52578125 0.06484375 0.14140625
3 0.68828125 0.503125 0.03125 0.140625
3 0.52734375 0.92109375 0.0890625 0.1578125
3 0.0203125 0.590625 0.03984375 0.10234375
2 0.68203125 0.39609375 0.06015625 0.109375
3 0.6984375 0.31953125 0.0125 0.04921875
2 0.76640625 0.34140625 0.03671875 0.07109375
2 0.7359375 0.321875 0.03125 0.05546875
2 0.74140625 0.303125 0.025 0.04453125
3 0.7875 0.31328125 0.009375 0.03984375
0 0.538903 0.921419 0.073757 0.156332
1 0.021329 0.609269 0.042278 0.050961
0 0.687227 0.488448 0.029960 0.092950
0 0.497014 0.481174 0.033220 0.046717
0 0.698672 0.321077 0.014579 0.047117
