2 0.42578125 0.58359375 0.15390625 0.19765625
2 0.7125 0.290625 0.07109375 0.10078125
3 0.7296875 0.34453125 0.02421875 0.08359375
3 0.60546875 0.51171875 0.04296875 0.13828125
3 0.16875 0.93515625 0.11015625 0.1296875
3 0.82734375 0.2015625 0.01953125 0.08515625
3 0.85625 0.18046875 0.015625 0.07421875
3 0.39765625 0.303125 0.03359375 0.07578125
0 0.396141 0.296855 0.027049 0.055345
0 0.407058 0.434365 0.036157 0.095888
1 0.390089 0.332541 0.021746 0.036505
1 0.194689 0.316368 0.051922 0.036170
