3 0.55 0.79453125 0.0515625 0.19296875
3 0.484375 0.74921875 0.053125 0.16875
3 0.40703125 0.69921875 0.071875 0.171875
2 0.31796875 0.60703125 0.19453125 0.23515625
2 0.11015625 0.54140625 0.1890625 0.21484375
2 0.5203125 0.4390625 0.12421875 0.15234375
2 0.653125 0.41015625 0.10390625 0.13359375
3 0.703125 0.47421875 0.03046875 0.103125
3 0.74609375 0.44609375 0.02578125 0.0953125
3 0.728125 0.3765625 0.0203125 0.071875
3 0.75234375 0.3421875 0.02421875 0.06640625
2 0.8890625 0.3703125 0.12578125 0.09140625
2 0.653125 0.31171875 0.0734375 0.08125
2 0.83984375 0.315625 0.08125 0.07265625
2 0.76875 0.2609375 0.07578125 0.1359375
3 0.0734375 0.428125 0.0609375 0.08125
3 0.3375 0.32578125 0.03125 0.09921875
0 0.289192 0.773342 0.045632 0.180748
0 0.412820 0.687891 0.042430 0.153112
0 0.634587 0.724442 0.045803 0.127562
0 0.080145 0.422295 0.045957 0.067981
1 0.410478 0.727413 0.071799 0.134283
0 0.342360 0.317325 0.028113 0.070310
0 0.247962 0.302233 0.020190 0.081281
0 0.706156 0.786995 0.056014 0.157868
0 0.315904 0.294624 0.020702 0.077678
1 0.218737 0.858409 0.067568 0.066141
0 0.554492 0.610235 0.040546 0.129394
