2 0.5671875 0.5109375 0.13515625 0.19921875
2 0.32890625 0.56640625 0.20546875 0.23359375
2 0.62734375 0.35 0.0890625 0.1078125
2 0.69765625 0.29140625 0.06875 0.0953125
2 0.36015625 0.40703125 0.14296875 0.12421875
2 0.48828125 0.45078125 0.12578125 0.15703125
3 0.746875 0.3 0.025 0.0828125
3 0.38828125 0.6390625 0.06328125 0.18203125
3 0.071875 0.50078125 0.07109375 0.1359375
3 0.0421875 0.5890625 0.084375 0.121875
3 0.0359375 0.68828125 0.071875 0.1828125
3 0.45078125 0.66953125 0.06171875 0.17265625
3 0.45859375 0.57265625 0.05625 0.16015625
0 0.835033 0.657151 0.055077 0.137260
0 0.075304 0.488489 0.047197 0.102436
0 0.953388 0.649550 0.038959 0.130322
0 0.736727 0.544642 0.031627 0.103358
0 0.029803 0.673237 0.053223 0.112549
1 0.380715 0.684431 0.051916 0.088764
0 0.009618 0.605645 0.019148 0.089639
0 0.898770 0.670940 0.042685 0.131506
0 0.040731 0.614174 0.049589 0.091836
1 0.448678 0.692466 0.068641 0.104724
