3 0.04765625 0.65 0.0609375 0.1015625
3 0.28671875 0.81640625 0.06015625 0.13828125
3 0.40078125 0.69609375 0.046875 0.1234375
3 0.1328125 0.5328125 0.053125 0.08125
3 0.2546875 0.5 0.04765625 0.07890625
3 0.28125 0.58515625 0.05390625 0.084375
3 0.3265625 0.609375 0.04921875 0.1
3 0.36640625 0.54140625 0.04453125 0.0875
3 0.5453125 0.5328125 0.03515625 0.103125
3 0.41171875 0.4296875 0.0359375 0.071875
3 0.47578125 0.34453125 0.02109375 0.0640625
3 0.52890625 0.30078125 0.02578125 0.053125
3 0.584375 0.40390625 0.02265625 0.059375
3 0.590625 0.36328125 0.01953125 0.053125
2 0.5359375 0.4609375 0.08984375 0.13046875
2 0.67109375 0.30703125 0.05625 0.0875
0 0.321596 0.605174 0.026851 0.071000
0 0.283054 0.801144 0.041040 0.100714
1 0.132368 0.553926 0.049494 0.040016
0 0.411045 0.415228 0.024365 0.039123
0 0.045626 0.640047 0.034673 0.066532
1 0.286355 0.835965 0.060017 0.084967
1 0.323104 0.630757 0.045908 0.055447
0 0.840812 0.353845 0.015228 0.040434
0 0.481315 0.346196 0.010724 0.032123
0 0.395221 0.716933 0.033487 0.073721
