2 0.73828125 0.3515625 0.13828125 0.346875
2 0.415625 0.5234375 0.14296875 0.17578125
2 0.51328125 0.55703125 0.14921875 0.18359375
2 0.6046875 0.4625 0.090625 0.165625
2 0.6171875 0.35546875 0.1 0.14765625
2 0.67578125 0.28984375 0.0578125 0.10859375
2 0.81953125 0.26015625 0.0640625 0.1234375
2 0.40234375 0.3796875 0.121875 0.11015625
2 0.090625 0.59921875 0.18125 0.24296875
3 0.11015625 0.4 0.06796875 0.11015625
3 0.25078125 0.41328125 0.053125 0.1265625
3 0.346875 0.31875 0.034375 0.10390625
3 0.5078125 0.303125 0.03125 0.10859375
3 0.3140625 0.6328125 0.07578125 0.17265625
3 0.35703125 0.64453125 0.0734375 0.1765625
3 0.42421875 0.70390625 0.078125 0.18515625
3 0.49375 0.7453125 0.05546875 0.2046875
3 0.55078125 0.78046875 0.05078125 0.19375
3 0.6203125 0.81640625 0.059375 0.19921875
3 0.6078125 0.68359375 0.0609375 0.2
3 0.6328125 0.5453125 0.0359375 0.13203125
0 0.173077 0.858880 0.064391 0.209532
1 0.620975 0.850353 0.057019 0.118102
1 0.018193 0.445394 0.036115 0.048631
1 0.545034 0.816652 0.049014 0.118016
1 0.489641 0.791730 0.049919 0.121134
0 0.623554 0.804859 0.054272 0.172379
1 0.220691 0.864980 0.062793 0.081049
1 0.111845 0.416808 0.064164 0.068721
0 0.242042 0.401824 0.037532 0.083771
1 0.426871 0.739532 0.059278 0.125239
0 0.109483 0.390121 0.044342 0.096005
0 0.505105 0.312911 0.024427 0.054614
1 0.305390 0.669298 0.063613 0.095878
0 0.012065 0.431133 0.024131 0.059596
1 0.246179 0.430097 0.056750 0.061021
