3 0.0546875 0.7515625 0.06875 0.11015625
3 0.12421875 0.734375 0.06328125 0.11015625
3 0.1953125 0.5828125 0.04609375 0.08984375
3 0.25390625 0.60078125 0.05078125 0.09453125
3 0.2703125 0.49140625 0.046875 0.0796875
3 0.35625 0.48828125 0.0390625 0.0765625
3 0.421875 0.428125 0.03125 0.075
3 0.61171875 0.4203125 0.0296875 0.078125
3 0.57578125 0.38984375 0.02265625 0.0671875
3 0.5921875 0.35 0.0203125 0.05390625
3 0.6 0.38671875 0.01875 0.06640625
3 0.678125 0.33828125 0.01171875 0.06875
2 0.696875 0.26484375 0.04140625 0.065625
0 0.415032 0.424645 0.017508 0.051773
0 0.425539 0.422758 0.023562 0.057762
0 0.265360 0.490406 0.028063 0.057705
