3 0.66484375 0.63515625 0.0453125 0.19296875
3 0.66953125 0.4828125 0.028125 0.1328125
3 0.74375 0.403125 0.01875 0.09296875
3 0.240625 0.60703125 0.0734375 0.121875
3 0.0703125 0.671875 0.07265625 0.14375
2 0.259375 0.553125 0.16953125 0.125
2 0.4890625 0.4390625 0.1078125 0.096875
2 0.0421875 0.56640625 0.07890625 0.21640625
2 0.65546875 0.33671875 0.04375 0.05859375
3 0.6859375 0.334375 0.0171875 0.06640625
0 0.237236 0.608742 0.040845 0.097898
0 0.742277 0.392339 0.017953 0.059760
0 0.667185 0.466155 0.031248 0.084444
0 0.663274 0.612790 0.043430 0.129538
0 0.056899 0.660004 0.042184 0.090682
1 0.661476 0.670304 0.046738 0.136723
