2 0.69921875 0.290625 0.071875 0.10390625
2 0.75390625 0.23515625 0.0640625 0.07734375
2 0.49921875 0.459375 0.12734375 0.15859375
3 0.621875 0.64375 0.08359375 0.16484375
3 0.4796875 0.525 0.0546875 0.12265625
3 0.53359375 0.5578125 0.07265625 0.125
3 0.34140625 0.52265625 0.06015625 0.1171875
3 0.29140625 0.5984375 0.071875 0.1453125
3 0.37265625 0.66328125 0.0703125 0.165625
3 0.434375 0.68203125 0.06953125 0.18203125
3 0.49140625 0.74765625 0.06875 0.19375
3 0.553125 0.70859375 0.04609375 0.1625
3 0.5125 0.646875 0.0421875 0.121875
3 0.75 0.2890625 0.02578125 0.0828125
3 0.8328125 0.2453125 0.01796875 0.07421875
3 0.353125 0.3203125 0.0390625 0.090625
2 0.565625 0.21796875 0.1421875 0.16328125
0 0.539400 0.551331 0.041526 0.109276
1 0.207939 0.428452 0.068006 0.065161
0 0.340413 0.526583 0.040768 0.125851
1 0.288014 0.617870 0.085903 0.095685
0 0.288968 0.599210 0.039502 0.147683
0 0.198202 0.386951 0.031026 0.110363
0 0.485751 0.522023 0.045515 0.102330
0 0.442560 0.669558 0.056951 0.133527
1 0.435416 0.714402 0.067112 0.118437
1 0.366616 0.699706 0.059826 0.102556
0 0.601171 0.607758 0.037774 0.092237
1 0.532954 0.580950 0.067842 0.079401
1 0.475661 0.568703 0.049302 0.054995
