3 0.65234375 0.83984375 0.05859375 0.20078125
3 0.58203125 0.803125 0.046875 0.17578125
3 0.49375 0.80078125 0.06015625 0.17109375
3 0.4234375 0.6890625 0.05234375 0.16171875
3 0.471875 0.71796875 0.05234375 0.18046875
3 0.36796875 0.6609375 0.065625 0.1734375
3 0.3125 0.6390625 0.06171875 0.14375
3 0.2984375 0.56328125 0.0734375 0.140625
3 0.746875 0.4515625 0.02578125 0.10703125
3 0.76875 0.39296875 0.02578125 0.1
3 0.72265625 0.3828125 0.02578125 0.11328125
3 0.68828125 0.3640625 0.028125 0.1046875
3 0.81640625 0.31015625 0.0296875 0.08359375
3 0.75625 0.31328125 0.0265625 0.08125
3 0.5515625 0.490625 0.034375 0.1140625
3 0.53671875 0.69453125 0.0421875 0.1265625
2 0.62265625 0.35234375 0.09765625 0.1234375
2 0.728125 0.26953125 0.06328125 0.09765625
1 0.359741 0.694498 0.071092 0.103720
0 0.645136 0.826035 0.047333 0.176709
1 0.303921 0.675283 0.068408 0.100995
0 0.255929 0.731454 0.060130 0.175712
0 0.596848 0.917643 0.044273 0.078454
0 0.552820 0.475411 0.040545 0.095053
1 0.622045 0.885320 0.058599 0.163267
1 0.192995 0.306245 0.054149 0.056017
1 0.217582 0.860153 0.069973 0.071254
1 0.685785 0.379995 0.024255 0.060775
0 0.581511 0.506684 0.037775 0.070514
1 0.571166 0.862906 0.048029 0.104972
0 0.368846 0.647166 0.048087 0.132998
0 0.433775 0.677509 0.052850 0.140901
0 0.689308 0.351782 0.027228 0.072767
1 0.277774 0.607551 0.043434 0.080309
