2 0.2046875 0.790625 0.2359375 0.2703125
2 0.603125 0.52421875 0.11484375 0.19375
2 0.7390625 0.440625 0.0640625 0.128125
2 0.67734375 0.4109375 0.06953125 0.10859375
3 0.575 0.3765625 0.0171875 0.06875
3 0.62890625 0.371875 0.021875 0.06484375
3 0.6265625 0.32734375 0.0140625 0.04140625
3 0.70390625 0.53203125 0.0265625 0.1375
2 0.775 0.33515625 0.0328125 0.05859375
2 0.740625 0.30546875 0.02890625 0.046875
3 0.69453125 0.31171875 0.01015625 0.03984375
3 0.684375 0.30625 0.00703125 0.0375
0 0.575027 0.371258 0.017030 0.050800
0 0.713359 0.291474 0.010257 0.033837
0 0.695263 0.317889 0.010296 0.024437
0 0.942591 0.432846 0.020720 0.081461
