3 0.39921875 0.64140625 0.03203125 0.1234375
3 0.58515625 0.66015625 0.0296875 0.13203125
3 0.59140625 0.56171875 0.0328125 0.11328125
3 0.44375 0.45703125 0.021875 0.07578125
3 0.4109375 0.43828125 0.02109375 0.0734375
3 0.36328125 0.41171875 0.0203125 0.06875
3 0.075 0.55546875 0.04453125 0.0890625
3 0.6203125 0.4046875 0.015625 0.06484375
3 0.58359375 0.28203125 0.01875 0.05
2 0.59921875 0.37578125 0.05625 0.10078125
2 0.65234375 0.321875 0.03125 0.07578125
1 0.075369 0.577374 0.047869 0.041983
0 0.410350 0.435546 0.019946 0.061510
0 0.533946 0.424072 0.021344 0.065120
0 0.441968 0.455812 0.019786 0.070328
0 0.400702 0.647014 0.028688 0.092192
0 0.072010 0.552516 0.021335 0.068190
0 0.842052 0.353398 0.015961 0.041703
