3 0.64140625 0.859375 0.06875 0.234375
3 0.4328125 0.71796875 0.0671875 0.19921875
3 0.50703125 0.65546875 0.05390625 0.1640625
2 0.38359375 0.54921875 0.16953125 0.20703125
2 0.52734375 0.4296875 0.10234375 0.1609375
2 0.6265625 0.465625 0.11875 0.16484375
2 0.62578125 0.35390625 0.08515625 0.1109375
2 0.72421875 0.34296875 0.09765625 0.18984375
3 0.58125 0.25546875 0.0296875 0.0734375
3 0.3375 0.31015625 0.03984375 0.0921875
3 0.86484375 0.19375 0.015625 0.05390625
0 0.088239 0.329617 0.031079 0.100629
0 0.642742 0.851053 0.063825 0.195210
0 0.065369 0.331606 0.026216 0.100427
0 0.136150 0.307100 0.025927 0.098135
1 0.018238 0.504850 0.036258 0.058127
1 0.213866 0.321934 0.060266 0.054830
0 0.341934 0.305005 0.028244 0.068488
0 0.514604 0.638617 0.046629 0.114495
1 0.337374 0.332388 0.038814 0.048918
0 0.449675 0.711020 0.045803 0.175310
