2 0.7015625 0.38671875 0.0578125 0.10078125
2 0.7703125 0.32578125 0.03359375 0.06171875
2 0.71484375 0.2875 0.0234375 0.0390625
2 0.7515625 0.2609375 0.0140625 0.02265625
2 0.51875 0.696875 0.19140625 0.2640625
3 0.36640625 0.62109375 0.06484375 0.1421875
3 0.3328125 0.5703125 0.04921875 0.13125
3 0.41953125 0.471875 0.040625 0.0828125
3 0.46015625 0.47578125 0.0359375 0.09765625
3 0.528125 0.4640625 0.02890625 0.0953125
3 0.55234375 0.3875 0.01953125 0.0640625
3 0.5875 0.39375 0.02109375 0.0765625
3 0.6125 0.39921875 0.021875 0.07734375
3 0.7640625 0.384375 0.01953125 0.08125
3 0.621875 0.35703125 0.02109375 0.05703125
3 0.63125 0.3390625 0.01796875 0.05
3 0.66953125 0.31640625 0.009375 0.04296875
3 0.70703125 0.31015625 0.0109375 0.0390625
3 0.69921875 0.30234375 0.00859375 0.0390625
3 0.7265625 0.29296875 0.00859375 0.0390625
3 0.7859375 0.28359375 0.0078125 0.0328125
3 0.73828125 0.2640625 0.00546875 0.0203125
3 0.75546875 0.265625 0.00546875 0.02265625
3 0.1421875 0.59453125 0.06015625 0.10859375
3 0.04921875 0.59609375 0.0625 0.11015625
0 0.139215 0.586603 0.033075 0.095430
0 0.354661 0.606256 0.048015 0.106984
0 0.586666 0.389599 0.020245 0.060660
0 0.611222 0.395234 0.022232 0.056547
0 0.669067 0.317448 0.012199 0.035844
0 0.528892 0.452947 0.030652 0.075787
0 0.551928 0.390019 0.020616 0.047174
0 0.038332 0.573992 0.019950 0.052685
0 0.331235 0.556758 0.038472 0.098150
0 0.632668 0.333498 0.015864 0.035668
0 0.461305 0.470063 0.029404 0.058070
0 0.050988 0.605598 0.026766 0.062333
