3 0.71640625 0.8515625 0.053125 0.2078125
3 0.61953125 0.8328125 0.05625 0.21015625
3 0.5921875 0.7890625 0.05234375 0.18203125
3 0.59921875 0.68359375 0.05546875 0.1625
3 0.52421875 0.7140625 0.053125 0.171875
3 0.50703125 0.825 0.0640625 0.1265625
3 0.440625 0.825 0.08203125 0.19296875
3 0.45078125 0.73046875 0.06328125 0.18359375
3 0.40234375 0.70703125 0.05859375 0.18125
3 0.3734375 0.68984375 0.07109375 0.20234375
3 0.24921875 0.584375 0.075 0.178125
3 0.3234375 0.51484375 0.0484375 0.109375
3 0.73515625 0.478125 0.0375 0.1234375
3 0.6578125 0.48671875 0.0375 0.12578125
3 0.75390625 0.33515625 0.01796875 0.08046875
3 0.6734375 0.36171875 0.028125 0.0734375
2 0.36953125 0.58046875 0.17265625 0.22734375
2 0.13125 0.4953125 0.18203125 0.16640625
2 0.38984375 0.31640625 0.10703125 0.0921875
2 0.51328125 0.47578125 0.1359375 0.1671875
2 0.56328125 0.5484375 0.14921875 0.20859375
2 0.70625 0.39921875 0.08515625 0.12734375
2 0.609375 0.38671875 0.08828125 0.125
2 0.67734375 0.31171875 0.07109375 0.09140625
2 0.815625 0.31484375 0.05078125 0.09609375
2 0.76953125 0.2859375 0.05546875 0.0953125
2 0.71875 0.26171875 0.05859375 0.07734375
1 0.246196 0.537422 0.016840 0.025564
1 0.273376 0.373999 0.023192 0.052482
1 0.093415 0.556482 0.063763 0.040838
1 0.245280 0.625650 0.064197 0.074888
