3 0.40234375 0.6703125 0.06015625 0.178125
3 0.14765625 0.4171875 0.07421875 0.1046875
3 0.56171875 0.49140625 0.03828125 0.12578125
3 0.56796875 0.35234375 0.03125 0.10078125
3 0.62109375 0.525 0.04375 0.1421875
3 0.646875 0.434375 0.02890625 0.1015625
3 0.7046875 0.5296875 0.040625 0.12265625
3 0.7078125 0.3390625 0.02109375 0.08203125
3 0.746875 0.41484375 0.03046875 0.09921875
3 0.75078125 0.4734375 0.02578125 0.11015625
3 0.67265625 0.3734375 0.03046875 0.1125
3 0.7578125 0.290625 0.01796875 0.08125
3 0.80703125 0.31484375 0.03046875 0.08125
2 0.7 0.71015625 0.13359375 0.3078125
2 0.41015625 0.5109375 0.16640625 0.2140625
0 0.293190 0.686081 0.059099 0.147879
0 0.144636 0.414493 0.038655 0.096318
1 0.402066 0.691782 0.071785 0.126188
1 0.193067 0.306250 0.052102 0.061995
