2 0.38515625 0.5765625 0.16015625 0.20078125
2 0.61640625 0.33671875 0.0828125 0.128125
2 0.7265625 0.27421875 0.059375 0.078125
2 0.76640625 0.221875 0.0578125 0.06875
2 0.63984375 0.22578125 0.05859375 0.06640625
3 0.575 0.5859375 0.04375 0.159375
3 0.66015625 0.4125 0.0296875 0.12109375
3 0.70078125 0.35625 0.0265625 0.096875
3 0.784375 0.2765625 0.025 0.07109375
2 0.16640625 0.92109375 0.25234375 0.15703125
3 0.68671875 0.17734375 0.015625 0.05390625
0 0.393250 0.411660 0.033180 0.114230
1 0.656223 0.432580 0.028938 0.068055
0 0.284636 0.286679 0.017116 0.070244
0 0.579768 0.571330 0.040138 0.120003
1 0.833457 0.280522 0.036061 0.060577
1 0.570448 0.626759 0.040453 0.082887
