3 0.30703125 0.596875 0.06171875 0.140625
3 0.340625 0.5421875 0.05 0.1140625
3 0.43203125 0.51171875 0.040625 0.10859375
3 0.503125 0.4265625 0.0265625 0.07890625
3 0.53515625 0.434375 0.03046875 0.09765625
3 0.6171875 0.36640625 0.02109375 0.06640625
2 0.18359375 0.92265625 0.2828125 0.1546875
2 0.67265625 0.49453125 0.08828125 0.16796875
2 0.7671875 0.34921875 0.0375 0.0796875
2 0.72890625 0.33671875 0.03671875 0.06328125
3 0.78671875 0.33125 0.01171875 0.05390625
2 0.746875 0.29921875 0.0265625 0.0421875
3 0.68359375 0.3140625 0.0125 0.04140625
3 0.659375 0.35625 0.0140625 0.05703125
3 0.65234375 0.31953125 0.01328125 0.04453125
0 0.504209 0.421316 0.025918 0.057532
0 0.658951 0.358138 0.016720 0.055133
0 0.426444 0.504713 0.035600 0.083713
0 0.536058 0.426128 0.025142 0.060604
0 0.616369 0.356324 0.019828 0.044842
0 0.309094 0.587570 0.042216 0.091071
0 0.349298 0.542366 0.029811 0.060720
0 0.940866 0.420805 0.015506 0.060173
