3 0.66796875 0.89296875 0.0640625 0.2140625
3 0.59609375 0.8609375 0.0546875 0.17421875
3 0.5171875 0.7265625 0.0546875 0.178125
3 0.6171875 0.57578125 0.040625 0.13984375
3 0.59921875 0.69453125 0.0578125 0.184375
3 0.55625 0.7859375 0.0578125 0.16015625
3 0.44375 0.7375 0.06484375 0.18203125
3 0.371875 0.66171875 0.0578125 0.159375
3 0.4671875 0.59375 0.04609375 0.11328125
2 0.3109375 0.628125 0.1890625 0.22265625
2 0.69765625 0.48984375 0.10546875 0.20546875
2 0.5671875 0.51171875 0.13671875 0.20859375
2 0.46875 0.48828125 0.14140625 0.14609375
2 0.640625 0.4046875 0.06953125 0.146875
2 0.71171875 0.36640625 0.0703125 0.10625
2 0.77578125 0.29765625 0.06171875 0.0984375
2 0.66328125 0.3171875 0.08359375 0.0828125
2 0.58515625 0.359375 0.0984375 0.1265625
2 0.7265625 0.28125 0.05859375 0.07734375
3 0.26640625 0.40703125 0.06015625 0.1015625
3 0.2609375 0.35703125 0.046875 0.10703125
0 0.270868 0.381930 0.033798 0.111693
1 0.193576 0.306462 0.054560 0.057152
1 0.265337 0.421915 0.062001 0.060560
0 0.410653 0.445017 0.035503 0.071310
0 0.258022 0.353408 0.020430 0.089654
0 0.594808 0.853429 0.062644 0.148800
0 0.441210 0.739464 0.050181 0.165335
1 0.433782 0.773365 0.057689 0.115450
0 0.672713 0.870807 0.055383 0.167905
1 0.243195 0.579639 0.074569 0.106217
