2 0.546875 0.62421875 0.0703125 0.15390625
2 0.46171875 0.5265625 0.10234375 0.15859375
3 0.290625 0.7515625 0.0484375 0.1484375
3 0.14296875 0.52578125 0.04140625 0.07421875
3 0.40703125 0.64609375 0.04140625 0.1125
3 0.5484375 0.5015625 0.028125 0.0796875
3 0.61796875 0.49140625 0.028125 0.0796875
3 0.60078125 0.4375 0.0234375 0.0703125
3 0.54375 0.4078125 0.01875 0.0625
3 0.3625 0.45078125 0.03828125 0.0765625
3 0.5796875 0.38125 0.02109375 0.0703125
3 0.68828125 0.32265625 0.02265625 0.05625
2 0.69453125 0.26796875 0.059375 0.06953125
0 0.841255 0.354213 0.019070 0.042376
0 0.293218 0.742383 0.042518 0.088758
0 0.363256 0.445313 0.028049 0.057439
1 0.286990 0.784377 0.050018 0.081249
0 0.139860 0.535246 0.022883 0.054934
