2 0.846875 0.80390625 0.20703125 0.39140625
2 0.55546875 0.54609375 0.14453125 0.19375
2 0.696875 0.3734375 0.11328125 0.1734375
2 0.51328125 0.45625 0.1359375 0.1703125
2 0.6109375 0.3703125 0.0921875 0.109375
3 0.31171875 0.634375 0.07109375 0.14609375
3 0.24609375 0.60703125 0.07265625 0.15078125
3 0.359375 0.5609375 0.05390625 0.12109375
3 0.40390625 0.48046875 0.0390625 0.11796875
3 0.35234375 0.72890625 0.0875 0.1515625
3 0.45078125 0.68125 0.06796875 0.13671875
3 0.4 0.80234375 0.075 0.16484375
3 0.45078125 0.83671875 0.06875 0.165625
3 0.56796875 0.73359375 0.0546875 0.16484375
3 0.53125 0.70234375 0.05390625 0.13671875
3 0.60859375 0.6 0.0484375 0.1390625
3 0.70703125 0.553125 0.034375 0.14140625
3 0.75859375 0.4546875 0.0296875 0.10390625
3 0.7765625 0.4078125 0.025 0.090625
3 0.815625 0.34375 0.025 0.09453125
3 0.77265625 0.3453125 0.01953125 0.07578125
3 0.54921875 0.34765625 0.0234375 0.06484375
3 0.63046875 0.2921875 0.025 0.0390625
2 0.72734375 0.2703125 0.04921875 0.06171875
2 0.75703125 0.2484375 0.0453125 0.07734375
3 0.034375 0.4421875 0.06796875 0.16015625
0 0.024647 0.457138 0.049222 0.109803
0 0.350030 0.729960 0.049560 0.151941
0 0.454405 0.670150 0.045175 0.091060
1 0.037659 0.487669 0.074984 0.089271
0 0.709022 0.514750 0.027880 0.059512
1 0.702924 0.575418 0.029228 0.078953
1 0.193043 0.313594 0.052691 0.042724
0 0.761459 0.435757 0.029033 0.062820
0 0.529434 0.721082 0.036982 0.108447
1 0.757186 0.469725 0.031657 0.063809
0 0.620953 0.419314 0.032798 0.084457
0 0.568187 0.733802 0.050872 0.156184
