2 0.0625 0.9265625 0.125 0.146875
2 0.59609375 0.3796875 0.06171875 0.09609375
2 0.68125 0.22265625 0.04296875 0.04609375
2 0.5515625 0.253125 0.07109375 0.0578125
3 0.040625 0.68984375 0.06328125 0.10234375
3 0.1453125 0.61796875 0.06015625 0.09609375
3 0.26875 0.578125 0.053125 0.0984375
3 0.34453125 0.58671875 0.05546875 0.11328125
3 0.4484375 0.64140625 0.04296875 0.12421875
3 0.3796875 0.52109375 0.04140625 0.08359375
3 0.4359375 0.52578125 0.04609375 0.0984375
3 0.54375 0.53125 0.02890625 0.096875
3 0.59765625 0.56328125 0.02265625 0.1015625
3 0.60234375 0.48671875 0.02421875 0.0703125
3 0.53125 0.45078125 0.03125 0.07578125
0 0.546865 0.515677 0.024087 0.057516
0 0.508757 0.332282 0.017292 0.036881
0 0.193986 0.980288 0.031769 0.038620
0 0.139608 0.624814 0.027971 0.054498
0 0.033412 0.679471 0.045394 0.081032
0 0.264356 0.568928 0.029575 0.072684
