3 0.0234375 0.6390625 0.04609375 0.11015625
3 0.12265625 0.59453125 0.06796875 0.10703125
3 0.27578125 0.54296875 0.059375 0.10078125
3 0.37890625 0.49296875 0.05546875 0.09375
2 0.50859375 0.43828125 0.096875 0.090625
3 0.7046875 0.33828125 0.01328125 0.0546875
3 0.68203125 0.31171875 0.0078125 0.04765625
3 0.69296875 0.29375 0.0078125 0.0390625
3 0.77734375 0.34765625 0.01484375 0.05859375
2 0.73828125 0.33359375 0.03359375 0.06328125
2 0.77890625 0.31640625 0.03125 0.084375
2 0.72890625 0.27890625 0.0203125 0.03125
2 0.74921875 0.31328125 0.0265625 0.05
0 0.267306 0.536842 0.039585 0.079280
0 0.368876 0.483614 0.041100 0.071596
0 0.015252 0.626801 0.030432 0.079519
0 0.114569 0.585469 0.042392 0.083418
0 0.693732 0.295023 0.011647 0.031760
0 0.777391 0.343333 0.013537 0.039543
0 0.705428 0.337745 0.012687 0.050844
0 0.682817 0.310522 0.011469 0.036381
