3 0.0734375 0.60234375 0.06015625 0.09296875
3 0.18515625 0.93203125 0.06328125 0.13515625
3 0.3484375 0.82109375 0.05546875 0.14609375
3 0.48984375 0.58515625 0.0375 0.11796875
3 0.43046875 0.51171875 0.04296875 0.09296875
3 0.61640625 0.48125 0.0171875 0.08671875
2 0.64140625 0.3421875 0.04765625 0.10234375
2 0.68671875 0.2953125 0.0421875 0.07734375
2 0.7109375 0.25 0.03203125 0.06953125
0 0.492589 0.574752 0.029297 0.076816
1 0.489559 0.608501 0.030494 0.068511
0 0.840608 0.353782 0.016516 0.037994
0 0.432183 0.505340 0.040474 0.090352
0 0.509808 0.339246 0.015730 0.038295
