3 0.575 0.82109375 0.059375 0.196875
3 0.59609375 0.615625 0.04453125 0.15703125
3 0.6546875 0.5234375 0.03203125 0.1390625
3 0.73828125 0.45390625 0.03359375 0.115625
3 0.6390625 0.3765625 0.0265625 0.09921875
3 0.60625 0.34609375 0.03125 0.09921875
3 0.69921875 0.40625 0.02578125 0.1109375
3 0.4609375 0.42265625 0.0359375 0.11875
3 0.50546875 0.63359375 0.03671875 0.1265625
3 0.3609375 0.6625 0.059375 0.1765625
3 0.425 0.68828125 0.05625 0.165625
3 0.47421875 0.71796875 0.05078125 0.16796875
3 0.49296875 0.7875 0.06640625 0.1703125
3 0.2984375 0.57265625 0.06875 0.14453125
3 0.31328125 0.62734375 0.071875 0.1328125
3 0.71484375 0.35 0.0234375 0.078125
1 0.650445 0.560983 0.026449 0.076097
0 0.505914 0.634699 0.040029 0.130388
0 0.287562 0.713805 0.052291 0.174801
1 0.359706 0.695230 0.072789 0.102809
1 0.479700 0.754655 0.074985 0.114625
1 0.192753 0.303544 0.053892 0.061779
0 0.296566 0.552178 0.036532 0.093264
0 0.651569 0.515971 0.030592 0.098302
1 0.832940 0.266609 0.016380 0.040885
1 0.731584 0.483323 0.019588 0.046700
1 0.701055 0.421326 0.024619 0.059599
1 0.634538 0.399374 0.019493 0.049993
0 0.806545 0.254545 0.015798 0.033804
1 0.573312 0.844066 0.052386 0.120889
