3 0.5296875 0.721875 0.06484375 0.16953125
3 0.515625 0.63671875 0.05859375 0.16875
3 0.3890625 0.6453125 0.06171875 0.16796875
3 0.44453125 0.665625 0.053125 0.16796875
3 0.46171875 0.54921875 0.04296875 0.09765625
2 0.56875 0.5015625 0.1328125 0.18359375
2 0.6859375 0.38984375 0.08359375 0.1390625
2 0.63203125 0.3484375 0.078125 0.1078125
2 0.69375 0.29453125 0.0625 0.08515625
2 0.74296875 0.25078125 0.0609375 0.08203125
2 0.65 0.2359375 0.06875 0.078125
2 0.334375 0.57578125 0.19375 0.2625
2 0.4921875 0.45703125 0.12578125 0.14375
2 0.34296875 0.346875 0.125 0.121875
2 0.0421875 0.58359375 0.08359375 0.17421875
3 0.11171875 0.41171875 0.0609375 0.13359375
0 0.116159 0.399201 0.040951 0.095068
1 0.382443 0.682454 0.051699 0.092538
1 0.192959 0.303514 0.057420 0.060731
0 0.396061 0.636914 0.052204 0.160217
1 0.441621 0.699000 0.057533 0.099258
1 0.528393 0.744948 0.061818 0.105325
