3 0.25625 0.9046875 0.109375 0.18984375
3 0.61953125 0.5890625 0.0421875 0.1734375
3 0.68671875 0.5859375 0.04453125 0.1625
3 0.75 0.46640625 0.025 0.09921875
3 0.7640625 0.38984375 0.01640625 0.07734375
3 0.7484375 0.36015625 0.01015625 0.05625
3 0.775 0.359375 0.0125 0.05703125
2 0.7 0.40703125 0.0578125 0.090625
2 0.73125 0.3296875 0.0328125 0.05625
2 0.7390625 0.2859375 0.03125 0.071875
2 0.7796875 0.29609375 0.0203125 0.034375
2 0.75703125 0.28359375 0.0109375 0.03828125
0 0.248457 0.906420 0.085748 0.186818
0 0.684289 0.566563 0.033459 0.115709
0 0.624500 0.537893 0.024574 0.057596
0 0.750871 0.459380 0.025436 0.076931
1 0.683549 0.612255 0.035308 0.108534
1 0.750869 0.491023 0.025367 0.063838
1 0.764816 0.407738 0.018282 0.046160
