3 0.07890625 0.88359375 0.1078125 0.20234375
3 0.61171875 0.80078125 0.07734375 0.29921875
3 0.77265625 0.41796875 0.02265625 0.09296875
3 0.54453125 0.39296875 0.021875 0.07578125
2 0.6609375 0.45390625 0.07578125 0.1421875
2 0.146875 0.7125 0.21875 0.21796875
2 0.60859375 0.39375 0.0671875 0.08359375
2 0.66640625 0.31796875 0.04375 0.04609375
3 0.73125 0.32421875 0.03203125 0.05234375
3 0.76953125 0.33515625 0.01484375 0.07109375
3 0.7546875 0.33046875 0.01328125 0.05859375
0 0.542463 0.383971 0.020431 0.050885
0 0.611558 0.755873 0.058238 0.112573
0 0.628131 0.723264 0.042999 0.123816
0 0.930635 0.420037 0.016308 0.089901
0 0.768274 0.349333 0.015623 0.044894
0 0.772685 0.408555 0.022011 0.067207
