2 0.40078125 0.4609375 0.19375 0.26953125
2 0.56953125 0.29921875 0.10625 0.1546875
2 0.64921875 0.25703125 0.0625 0.1109375
2 0.65 0.4734375 0.1609375 0.2734375
2 0.6890625 0.2203125 0.0546875 0.0984375
3 0.6828125 0.7203125 0.07109375 0.29453125
3 0.60625 0.68359375 0.06875 0.30390625
3 0.3765625 0.58359375 0.08828125 0.24921875
3 0.52109375 0.59921875 0.0703125 0.2484375
3 0.46640625 0.496875 0.06015625 0.21953125
3 0.72578125 0.56875 0.05078125 0.2328125
3 0.671875 0.30546875 0.028125 0.10859375
3 0.34375 0.4015625 0.046875 0.1265625
3 0.48984375 0.3453125 0.0375 0.1234375
3 0.4796875 0.29453125 0.0359375 0.07578125
3 0.51328125 0.2921875 0.0328125 0.12421875
3 0.521875 0.5046875 0.065625 0.1875
3 0.52421875 0.4140625 0.04453125 0.16796875
3 0.58515625 0.37890625 0.03828125 0.1546875
3 0.75390625 0.4671875 0.0421875 0.165625
2 0.7265625 0.31953125 0.09140625 0.19609375
2 0.74375 0.159375 0.03671875 0.071875
0 0.518856 0.596625 0.064209 0.202508
0 0.606469 0.607151 0.062092 0.142591
0 0.606516 0.725441 0.066447 0.162459
1 0.725457 0.612197 0.052419 0.148470
0 0.376291 0.556822 0.056756 0.188383
0 0.523625 0.472541 0.045151 0.088098
0 0.732399 0.547439 0.054916 0.141846
0 0.767581 0.394102 0.036447 0.113012
1 0.468688 0.541689 0.065915 0.132886
0 0.471027 0.485396 0.054915 0.151961
1 0.378027 0.616762 0.093953 0.181398
1 0.515167 0.647355 0.060585 0.152671
0 0.693407 0.641744 0.069037 0.131979
