2 0.59609375 0.5453125 0.16875 0.31328125
2 0.38984375 0.42890625 0.21171875 0.26796875
2 0.57421875 0.3140625 0.10859375 0.175
3 0.6578125 0.71953125 0.08046875 0.3234375
3 0.43046875 0.6265625 0.0859375 0.27109375
3 0.396875 0.521875 0.078125 0.2203125
3 0.48359375 0.5046875 0.0546875 0.2015625
3 0.49296875 0.4265625 0.06015625 0.1515625
3 0.49453125 0.3296875 0.04140625 0.11484375
0 0.427853 0.611322 0.057446 0.227606
0 0.397595 0.492143 0.060775 0.161990
1 0.431109 0.668579 0.088717 0.187831
0 0.659375 0.700574 0.069917 0.268971
