2 0.815625 0.425 0.06484375 0.078125
3 0.7703125 0.896875 0.09375 0.20546875
3 0.7796875 0.709375 0.06171875 0.1609375
3 0.83515625 0.60234375 0.03984375 0.1421875
3 0.68984375 0.5609375 0.0265625 0.109375
2 0.37734375 0.44375 0.04921875 0.08046875
2 0.3546875 0.35078125 0.01953125 0.03125
3 0.3515625 0.3609375 0.009375 0.0359375
0 0.688352 0.545443 0.028851 0.087541
1 0.833159 0.622016 0.037829 0.084540
1 0.688777 0.584057 0.024430 0.057568
0 0.836293 0.578384 0.029854 0.088003
0 0.782081 0.870920 0.062350 0.144068
1 0.775456 0.713884 0.054566 0.151767
0 0.774398 0.690074 0.047864 0.113109
0 0.231505 0.501578 0.015945 0.035607
