2 0.73828125 0.415625 0.10234375 0.20859375
2 0.63828125 0.25390625 0.078125 0.12421875
2 0.70625 0.18515625 0.05390625 0.08671875
2 0.3109375 0.52109375 0.26328125 0.4203125
3 0.45546875 0.66484375 0.05390625 0.3015625
3 0.6828125 0.68203125 0.0640625 0.2796875
3 0.59921875 0.665625 0.06484375 0.2859375
3 0.5328125 0.5640625 0.075 0.253125
3 0.59140625 0.47421875 0.0546875 0.19453125
3 0.69453125 0.52109375 0.046875 0.16640625
3 0.6359375 0.528125 0.04609375 0.19765625
3 0.6484375 0.42265625 0.0390625 0.18515625
3 0.6328125 0.38984375 0.03203125 0.1640625
3 0.6734375 0.38046875 0.028125 0.14765625
3 0.69765625 0.346875 0.02734375 0.14296875
2 0.7375 0.28046875 0.05625 0.13203125
3 0.72265625 0.22734375 0.02109375 0.09140625
3 0.74296875 0.18984375 0.021875 0.07109375
1 0.455453 0.715269 0.055905 0.201948
0 0.536037 0.535388 0.056045 0.174235
0 0.639471 0.487820 0.040496 0.112841
0 0.699691 0.312808 0.028774 0.061561
0 0.598347 0.451545 0.052883 0.144875
0 0.523980 0.603685 0.059973 0.173586
0 0.690192 0.605854 0.048947 0.093646
0 0.696466 0.512670 0.048125 0.116534
0 0.457059 0.585146 0.047516 0.142218
0 0.654135 0.393229 0.044507 0.109614
0 0.679389 0.342215 0.038104 0.067294
0 0.635664 0.343957 0.030023 0.072753
