2 0.678125 0.446875 0.05234375 0.090625
2 0.68671875 0.58828125 0.0984375 0.1796875
3 0.80859375 0.6484375 0.046875 0.15
2 0.81640625 0.37890625 0.04765625 0.05703125
3 0.5015625 0.59453125 0.03515625 0.12265625
3 0.88046875 0.6421875 0.04453125 0.1484375
2 0.384375 0.3984375 0.0328125 0.05625
2 0.403125 0.36328125 0.028125 0.05234375
2 0.38984375 0.3359375 0.03515625 0.06640625
0 0.499989 0.580803 0.025813 0.087735
0 0.880923 0.623434 0.046507 0.111371
1 0.502041 0.623501 0.024770 0.056489
0 0.808033 0.629248 0.043408 0.110210
