2 0.4578125 0.39765625 0.15546875 0.23984375
2 0.61640625 0.26953125 0.09375 0.13515625
2 0.68125 0.20078125 0.05234375 0.078125
3 0.3328125 0.61796875 0.11015625 0.278125
3 0.56171875 0.653125 0.0765625 0.290625
3 0.70546875 0.78984375 0.08984375 0.34765625
3 0.68984375 0.23515625 0.0234375 0.0875
3 0.50546875 0.62265625 0.06171875 0.265625
3 0.5671875 0.50859375 0.0484375 0.184375
3 0.65234375 0.59375 0.07421875 0.190625
3 0.62734375 0.728125 0.09921875 0.325
3 0.61875 0.4203125 0.05859375 0.19453125
3 0.73515625 0.61640625 0.07734375 0.20234375
3 0.77421875 0.5296875 0.03125 0.2078125
3 0.78046875 0.421875 0.034375 0.1265625
2 0.6859375 0.45859375 0.14453125 0.275
2 0.74609375 0.34296875 0.078125 0.16015625
3 0.73125 0.2375 0.02109375 0.09140625
3 0.72421875 0.16015625 0.01484375 0.06171875
3 0.7296875 0.2 0.01875 0.0890625
2 0.7546875 0.14140625 0.028125 0.04921875
1 0.615379 0.786516 0.078104 0.211253
0 0.567032 0.471529 0.047250 0.102601
0 0.512919 0.549870 0.043910 0.097705
0 0.650526 0.559737 0.053875 0.102590
1 0.555891 0.713522 0.063749 0.172164
1 0.502523 0.676822 0.055646 0.158879
0 0.629743 0.729980 0.073789 0.231083
0 0.731569 0.605823 0.060369 0.151077
0 0.569396 0.592964 0.041535 0.085416
0 0.512775 0.629071 0.043366 0.117185
0 0.690688 0.232428 0.023100 0.067990
0 0.332039 0.587848 0.069006 0.213559
0 0.730633 0.226962 0.023904 0.047966
