2 0.58203125 0.69296875 0.16328125 0.290625
2 0.603125 0.48125 0.10234375 0.15390625
2 0.384375 0.56171875 0.15 0.153125
2 0.71640625 0.3671875 0.05078125 0.0953125
2 0.7359375 0.30859375 0.0265625 0.0515625
2 0.76015625 0.28671875 0.025 0.05859375
3 0.66484375 0.30703125 0.00859375 0.03828125
3 0.725 0.28515625 0.00703125 0.03359375
3 0.73828125 0.2703125 0.00703125 0.02890625
3 0.73984375 0.478125 0.02734375 0.12109375
3 0.56796875 0.44140625 0.0234375 0.08828125
3 0.1671875 0.65859375 0.07734375 0.14453125
2 0.02265625 0.63046875 0.0453125 0.12578125
0 0.170090 0.644972 0.044600 0.111857
0 0.150783 0.651534 0.041752 0.100547
0 0.738660 0.464991 0.027753 0.088495
1 0.739127 0.507015 0.026057 0.072916
0 0.569150 0.428652 0.023204 0.054488
