3 0.27109375 0.5390625 0.0671875 0.11953125
3 0.5671875 0.50859375 0.0515625 0.0953125
3 0.80546875 0.51171875 0.02578125 0.07890625
2 0.240625 0.38984375 0.0359375 0.059375
2 0.19140625 0.35625 0.0171875 0.0390625
2 0.22109375 0.3609375 0.04453125 0.08828125
2 0.21640625 0.3328125 0.0359375 0.0453125
0 0.597226 0.547115 0.027252 0.099436
0 0.569206 0.507028 0.035354 0.086856
0 0.272125 0.530649 0.031415 0.092780
0 0.518569 0.430900 0.014632 0.058842
1 0.731683 0.516287 0.036892 0.045094
1 0.564744 0.526760 0.041252 0.048699
1 0.270314 0.557828 0.065089 0.069633
