2 0.3859375 0.46875 0.2078125 0.28515625
2 0.6296875 0.6234375 0.1890625 0.37109375
2 0.584375 0.31640625 0.11328125 0.14375
3 0.734375 0.2046875 0.0171875 0.08359375
3 0.496875 0.61015625 0.0765625 0.253125
3 0.66328125 0.38828125 0.059375 0.1203125
3 0.7578125 0.34453125 0.02890625 0.1265625
3 0.70859375 0.38203125 0.03203125 0.15703125
3 0.4390625 0.53828125 0.0828125 0.2359375
3 0.50234375 0.4515625 0.04609375 0.18359375
3 0.53984375 0.39140625 0.04140625 0.159375
3 0.50625 0.3515625 0.040625 0.1328125
0 0.861496 0.488512 0.037785 0.169621
0 0.329917 0.361103 0.029145 0.122564
0 0.442859 0.511999 0.067262 0.148940
0 0.662991 0.385317 0.053385 0.116283
0 0.736313 0.196653 0.020562 0.066979
0 0.709301 0.360460 0.033586 0.106746
0 0.759085 0.355495 0.025522 0.069139
1 0.494111 0.651099 0.073092 0.173479
1 0.435286 0.579475 0.075194 0.155731
