2 0.24453125 0.5421875 0.09765625 0.0875
3 0.1890625 0.6515625 0.0734375 0.13125
3 0.090625 0.63203125 0.0671875 0.11953125
3 0.3859375 0.51953125 0.040625 0.084375
2 0.39453125 0.42265625 0.0296875 0.04453125
3 0.3671875 0.43984375 0.01875 0.07265625
3 0.53359375 0.45 0.034375 0.07734375
3 0.6796875 0.41953125 0.02421875 0.0578125
3 0.41640625 0.37578125 0.01328125 0.05703125
3 0.8125 0.43984375 0.02109375 0.0828125
1 0.186756 0.669802 0.074260 0.089036
1 0.207911 0.596756 0.065923 0.050348
0 0.365350 0.444681 0.018089 0.057617
0 0.533429 0.460030 0.031023 0.073719
0 0.678240 0.411448 0.014930 0.043609
1 0.086922 0.649635 0.067578 0.074452
0 0.082131 0.621072 0.032705 0.092628
0 0.384786 0.500621 0.023034 0.048902
0 0.184190 0.640170 0.043384 0.091740
0 0.818542 0.390766 0.018347 0.055674
1 0.675995 0.431644 0.021745 0.033667
0 0.039388 0.942997 0.077792 0.113201
0 0.213103 0.578069 0.027903 0.059211
0 0.837858 0.400566 0.011553 0.036949
