3 0.59453125 0.753125 0.078125 0.3671875
3 0.71171875 0.75 0.07109375 0.29296875
3 0.47421875 0.74140625 0.1015625 0.31171875
3 0.72421875 0.2171875 0.01953125 0.08359375
3 0.678125 0.47109375 0.03984375 0.12421875
3 0.453125 0.484375 0.06953125 0.2046875
3 0.775 0.43515625 0.03984375 0.18359375
3 0.6765625 0.47109375 0.04296875 0.1234375
2 0.721875 0.34140625 0.078125 0.15390625
2 0.7515625 0.15390625 0.03515625 0.053125
3 0.6765625 0.44375 0.04296875 0.17734375
3 0.5234375 0.55 0.0625 0.225
3 0.5703125 0.48125 0.04765625 0.17890625
3 0.6046875 0.56640625 0.0546875 0.2125
3 0.72265625 0.55703125 0.0640625 0.19296875
3 0.63046875 0.48046875 0.04609375 0.19765625
3 0.73515625 0.4765625 0.046875 0.1796875
3 0.74375 0.38671875 0.0375 0.12890625
3 0.66484375 0.30390625 0.03046875 0.121875
3 0.65 0.2609375 0.02578125 0.10078125
3 0.6640625 0.22578125 0.0203125 0.08203125
2 0.06171875 0.8484375 0.1234375 0.303125
1 0.710857 0.798559 0.069484 0.200205
0 0.676929 0.457124 0.039803 0.093400
0 0.726684 0.199005 0.014982 0.041202
0 0.681483 0.394192 0.036228 0.061862
0 0.644848 0.414932 0.032435 0.067546
0 0.713012 0.725737 0.067451 0.240152
0 0.725356 0.528583 0.054999 0.082719
1 0.723533 0.231924 0.018338 0.053598
0 0.445376 0.499695 0.045766 0.107724
0 0.605631 0.525657 0.057710 0.091695
0 0.521699 0.531932 0.059242 0.147018
0 0.571654 0.459593 0.042881 0.136275
0 0.630514 0.474688 0.051659 0.128384
1 0.677788 0.491788 0.028290 0.078273
1 0.451258 0.517462 0.067404 0.141842
0 0.454061 0.428090 0.041424 0.088921
0 0.453819 0.465936 0.047460 0.163773
