3 0.63359375 0.72734375 0.1125 0.12890625
3 0.8109375 0.42421875 0.05 0.06796875
3 0.925 0.384375 0.02890625 0.0578125
3 0.96328125 0.396875 0.02734375 0.0515625
3 0.3390625 0.5203125 0.0796875 0.07890625
3 0.22265625 0.7046875 0.09765625 0.0953125
3 0.21640625 0.5296875 0.0609375 0.0828125
3 0.18515625 0.575 0.06171875 0.0453125
3 0.0140625 0.71796875 0.028125 0.1140625
3 0.0546875 0.67734375 0.05 0.09453125
3 0.3640625 0.45546875 0.0515625 0.0734375
3 0.378125 0.41171875 0.0296875 0.07109375
3 0.3578125 0.36328125 0.02890625 0.06328125
3 0.33125 0.309375 0.0234375 0.05078125
3 0.29296875 0.27265625 0.01796875 0.0609375
3 0.3296875 0.26796875 0.00859375 0.04765625
3 0.32109375 0.26796875 0.01015625 0.040625
3 0.31171875 0.2578125 0.01171875 0.03671875
3 0.471875 0.97265625 0.08671875 0.05390625
2 0.3625 0.28203125 0.05234375 0.07578125
2 0.35390625 0.22890625 0.04296875 0.04921875
0 0.628196 0.687255 0.053318 0.084103
0 0.804854 0.405522 0.030719 0.067710
0 0.293358 0.274302 0.012978 0.044910
0 0.474958 0.979294 0.072952 0.040534
0 0.337049 0.504861 0.035342 0.068438
0 0.356283 0.361716 0.019548 0.051534
0 0.227029 0.530603 0.023377 0.039336
