3 0.53125 0.53125 0.078125 0.08984375
3 0.684375 0.4765625 0.06015625 0.07109375
3 0.6 0.47109375 0.0640625 0.06953125
3 0.64375 0.421875 0.05625 0.0859375
3 0.86640625 0.39609375 0.0359375 0.05859375
3 0.9234375 0.40078125 0.02890625 0.04375
3 0.3546875 0.42890625 0.04765625 0.1109375
3 0.28203125 0.51484375 0.065625 0.13203125
3 0.1859375 0.5484375 0.05 0.096875
3 0.3296875 0.271875 0.01328125 0.0484375
3 0.31953125 0.2671875 0.01796875 0.04609375
3 0.3125 0.25390625 0.01484375 0.0359375
2 0.3625 0.28125 0.05234375 0.0734375
2 0.35625 0.2296875 0.03203125 0.0453125
1 0.601998 0.472166 0.056579 0.050477
1 0.456824 0.546294 0.036950 0.036117
0 0.602021 0.437531 0.030330 0.070789
0 0.686292 0.440211 0.038646 0.071437
