2 0.42734375 0.765625 0.23359375 0.3953125
2 0.684375 0.534375 0.1 0.19609375
2 0.4234375 0.57265625 0.1671875 0.1546875
2 0.309375 0.5703125 0.13984375 0.15
2 0.56953125 0.4359375 0.07578125 0.1
2 0.60625 0.33046875 0.115625 0.1390625
3 0.21796875 0.54140625 0.046875 0.0953125
3 0.509375 0.4171875 0.02890625 0.07890625
3 0.6453125 0.46796875 0.02265625 0.1078125
3 0.74375 0.44921875 0.02265625 0.1171875
2 0.75703125 0.34296875 0.03359375 0.06796875
2 0.725 0.31796875 0.02578125 0.05859375
0 0.645415 0.459391 0.031626 0.091327
0 0.217949 0.534129 0.027686 0.079591
0 0.508792 0.412085 0.021031 0.050875
0 0.678964 0.314750 0.011456 0.036082
