2 0.71328125 0.45078125 0.128125 0.25546875
2 0.453125 0.34375 0.28046875 0.4140625
3 0.4890625 0.5 0.0578125 0.2
3 0.60390625 0.86171875 0.0984375 0.27421875
3 0.60625 0.6671875 0.065625 0.27734375
3 0.278125 0.46171875 0.08046875 0.196875
3 0.7171875 0.70078125 0.0671875 0.284375
3 0.77890625 0.58046875 0.06328125 0.2578125
2 0.5859375 0.40390625 0.14765625 0.24609375
2 0.740625 0.29921875 0.0734375 0.09921875
2 0.66640625 0.2078125 0.053125 0.0921875
2 0.71875 0.184375 0.04921875 0.0734375
2 0.75859375 0.1484375 0.0203125 0.05390625
3 0.68671875 0.3578125 0.03515625 0.128125
3 0.66171875 0.33125 0.02578125 0.128125
3 0.6375 0.26953125 0.02578125 0.0453125
3 0.6515625 0.2609375 0.02109375 0.071875
3 0.66171875 0.240625 0.02890625 0.07265625
3 0.6828125 0.2890625 0.02265625 0.09453125
3 0.70859375 0.25390625 0.0296875 0.0609375
3 0.73828125 0.23046875 0.02265625 0.06171875
3 0.734375 0.22578125 0.021875 0.07265625
3 0.8046875 0.3953125 0.0328125 0.11015625
3 0.7875 0.37109375 0.01953125 0.0859375
2 0.60859375 0.2265625 0.06171875 0.1046875
0 0.273898 0.446270 0.048207 0.159361
1 0.605056 0.928295 0.100443 0.142617
1 0.489835 0.534695 0.061601 0.129923
0 0.492050 0.494607 0.048192 0.183298
0 0.603754 0.823537 0.096494 0.195720
0 0.787228 0.563877 0.055542 0.228305
1 0.280097 0.498389 0.081092 0.119946
0 0.774784 0.507700 0.025992 0.108913
