2 0.58828125 0.58203125 0.22265625 0.39296875
2 0.5703125 0.29375 0.08984375 0.13046875
2 0.446875 0.415625 0.15390625 0.2046875
2 0.64765625 0.23125 0.07421875 0.1109375
2 0.7203125 0.16015625 0.04296875 0.0703125
2 0.703125 0.19375 0.04609375 0.075
3 0.709375 0.5546875 0.05703125 0.2203125
3 0.7546875 0.47734375 0.04296875 0.18046875
3 0.19921875 0.490625 0.1078125 0.2203125
3 0.3296875 0.5296875 0.08359375 0.2234375
3 0.70234375 0.24296875 0.02265625 0.0984375
3 0.3921875 0.5453125 0.08515625 0.2296875
3 0.446875 0.59140625 0.08046875 0.25859375
3 0.640625 0.36484375 0.03828125 0.08203125
0 0.641936 0.365355 0.037599 0.080209
0 0.717780 0.542059 0.060753 0.193027
0 0.194771 0.484398 0.046135 0.156597
1 0.709974 0.591670 0.063182 0.142464
0 0.117431 0.514034 0.040043 0.183222
0 0.065626 0.555163 0.048656 0.189154
1 0.201030 0.524689 0.105028 0.133709
