2 0.771875 0.91015625 0.153125 0.1796875
2 0.66328125 0.90390625 0.1265625 0.1921875
2 0.51796875 0.84296875 0.0984375 0.21328125
2 0.67109375 0.77421875 0.10390625 0.18046875
2 0.57109375 0.721875 0.0953125 0.18125
2 0.553125 0.58828125 0.071875 0.13046875
2 0.4625 0.384375 0.0296875 0.059375
3 0.74765625 0.7765625 0.0453125 0.109375
3 0.715625 0.71953125 0.0296875 0.09140625
3 0.6703125 0.6828125 0.02890625 0.0578125
3 0.6046875 0.68984375 0.02734375 0.10859375
3 0.62734375 0.66015625 0.03046875 0.071875
3 0.6390625 0.63828125 0.025 0.08203125
3 0.6109375 0.60234375 0.01875 0.06875
3 0.58828125 0.58828125 0.0203125 0.0765625
3 0.4703125 0.59921875 0.0203125 0.0890625
3 0.396875 0.6203125 0.01875 0.0828125
3 0.4171875 0.45859375 0.0140625 0.05546875
3 0.38203125 0.36328125 0.01015625 0.03671875
3 0.35546875 0.2921875 0.00625 0.025
3 0.31640625 0.2296875 0.0046875 0.01328125
2 0.4125 0.3421875 0.0234375 0.03984375
2 0.403125 0.33046875 0.01796875 0.03515625
2 0.31953125 0.2484375 0.0109375 0.01875
0 0.569980 0.979191 0.024128 0.040824
0 0.395931 0.611136 0.019011 0.060752
0 0.381837 0.372534 0.010658 0.029322
