2 0.48125 0.5 0.0640625 0.10859375
2 0.56796875 0.6453125 0.0984375 0.13984375
2 0.58984375 0.54453125 0.08046875 0.121875
3 0.3609375 0.86171875 0.04140625 0.15
3 0.390625 0.91484375 0.0359375 0.16015625
3 0.415625 0.95078125 0.03671875 0.0984375
3 0.43671875 0.9078125 0.0375 0.15546875
3 0.46953125 0.95078125 0.03828125 0.0984375
3 0.52265625 0.95078125 0.03984375 0.09765625
3 0.56484375 0.92734375 0.05 0.14453125
3 0.803125 0.9421875 0.05625 0.115625
3 0.87109375 0.96484375 0.06328125 0.06953125
3 0.9421875 0.96015625 0.0609375 0.0796875
3 0.89921875 0.909375 0.06328125 0.14375
3 0.7984375 0.88828125 0.0484375 0.1359375
3 0.828125 0.81875 0.053125 0.15078125
3 0.7796875 0.74921875 0.04609375 0.1265625
3 0.47265625 0.87421875 0.03515625 0.14375
3 0.40546875 0.83359375 0.03125 0.1359375
3 0.45703125 0.7859375 0.0375 0.1234375
3 0.4515625 0.72578125 0.02734375 0.10859375
3 0.43359375 0.67109375 0.0296875 0.1
3 0.40390625 0.6140625 0.02578125 0.096875
3 0.5015625 0.6140625 0.03046875 0.07734375
3 0.60546875 0.621875 0.0328125 0.09765625
3 0.36015625 0.51875 0.0203125 0.078125
3 0.3875 0.47109375 0.0203125 0.07890625
3 0.35546875 0.44375 0.01796875 0.06796875
3 0.3859375 0.42734375 0.01640625 0.05078125
3 0.4265625 0.3734375 0.01640625 0.05390625
3 0.3671875 0.37421875 0.01328125 0.0578125
3 0.34375 0.2609375 0.01171875 0.040625
2 0.71796875 0.9171875 0.1390625 0.165625
2 0.52578125 0.76171875 0.1125 0.22890625
2 0.6453125 0.79375 0.11640625 0.190625
2 0.70859375 0.73203125 0.12265625 0.20859375
2 0.44921875 0.5765625 0.059375 0.13515625
0 0.951840 0.960155 0.048018 0.079664
0 0.669087 0.607417 0.029951 0.054408
0 0.367805 0.366573 0.013836 0.041214
0 0.405216 0.811108 0.034848 0.091354
0 0.775974 0.727936 0.041445 0.086439
1 0.787171 0.774320 0.033296 0.073035
0 0.796562 0.861955 0.044452 0.085281
0 0.903571 0.893766 0.053306 0.113562
