3 0.878125 0.37890625 0.03046875 0.07265625
3 0.90234375 0.4109375 0.03515625 0.0796875
3 0.80546875 0.41796875 0.0390625 0.06171875
3 0.70703125 0.43515625 0.0515625 0.06328125
3 0.66484375 0.41484375 0.05390625 0.08359375
3 0.3390625 0.465625 0.05 0.0859375
3 0.3515625 0.390625 0.0296875 0.08046875
3 0.33125 0.3546875 0.02734375 0.053125
3 0.32109375 0.3046875 0.0203125 0.0609375
3 0.3015625 0.2828125 0.01796875 0.06171875
3 0.3328125 0.2703125 0.01484375 0.0390625
3 0.32265625 0.2640625 0.0078125 0.046875
3 0.31328125 0.2515625 0.01015625 0.0421875
2 0.3625 0.28046875 0.0578125 0.075
2 0.35390625 0.23046875 0.03828125 0.03984375
2 0.1875 0.57734375 0.159375 0.12890625
2 0.090625 0.684375 0.14296875 0.17734375
0 0.347932 0.377617 0.019405 0.050831
0 0.707145 0.413692 0.026404 0.063024
0 0.804796 0.401852 0.028984 0.057873
0 0.901978 0.393610 0.024741 0.061615
0 0.662677 0.409304 0.032993 0.050660
1 0.988566 0.430088 0.021884 0.061964
