2 0.63828125 0.43671875 0.13203125 0.21953125
2 0.728125 0.32890625 0.08359375 0.1703125
2 0.621875 0.29375 0.096875 0.13046875
2 0.47109375 0.38515625 0.15234375 0.21328125
3 0.4875 0.4796875 0.05234375 0.190625
3 0.5796875 0.684375 0.08046875 0.259375
3 0.1125 0.634375 0.11796875 0.2609375
3 0.22265625 0.71875 0.14921875 0.328125
3 0.73828125 0.775 0.06953125 0.309375
3 0.65390625 0.7109375 0.078125 0.3
3 0.69609375 0.55546875 0.07265625 0.2046875
3 0.6859375 0.49140625 0.0515625 0.15
3 0.70078125 0.23359375 0.02265625 0.096875
2 0.65234375 0.22265625 0.06171875 0.08828125
2 0.69765625 0.19765625 0.04296875 0.0734375
2 0.74140625 0.2203125 0.05546875 0.071875
2 0.72578125 0.16875 0.03828125 0.0734375
2 0.7671875 0.13203125 0.04765625 0.1015625
0 0.113009 0.600842 0.054013 0.193404
0 0.219556 0.657879 0.074385 0.203483
1 0.487954 0.511938 0.054123 0.127316
0 0.686100 0.463838 0.053830 0.092323
0 0.580438 0.674410 0.077775 0.245643
0 0.739571 0.707870 0.065593 0.181898
0 0.703568 0.511998 0.047785 0.118479
0 0.658843 0.673996 0.074687 0.191691
0 0.486502 0.451784 0.052458 0.127400
