2 0.25078125 0.54375 0.10703125 0.103125
2 0.73046875 0.39609375 0.05859375 0.05390625
3 0.56015625 0.6 0.0296875 0.115625
3 0.7390625 0.57734375 0.03515625 0.11640625
3 0.85625 0.615625 0.04921875 0.153125
3 0.83203125 0.38984375 0.0140625 0.04765625
2 0.83515625 0.36796875 0.0328125 0.04921875
3 0.69375 0.4125 0.01796875 0.065625
3 0.70546875 0.44765625 0.01640625 0.07890625
3 0.40078125 0.37109375 0.0109375 0.03828125
3 0.41640625 0.3625 0.009375 0.03515625
2 0.396875 0.3609375 0.0265625 0.0421875
3 0.38046875 0.359375 0.00859375 0.03671875
0 0.735146 0.565261 0.031649 0.084020
1 0.739483 0.606167 0.026489 0.061689
1 0.560177 0.630819 0.027195 0.059744
0 0.704938 0.442404 0.017195 0.057256
0 0.556163 0.590759 0.030347 0.084117
1 0.855153 0.640213 0.042638 0.094911
1 0.704353 0.463447 0.018155 0.038982
0 0.831054 0.372952 0.024848 0.053468
1 0.830488 0.394137 0.018936 0.039023
