2 0.428125 0.54375 0.1578125 0.146875
2 0.7609375 0.3765625 0.0984375 0.10703125
2 0.7 0.5203125 0.1640625 0.1375
2 0.340625 0.325 0.06015625 0.06875
3 0.06484375 0.865625 0.11875 0.1984375
2 0.98359375 0.5546875 0.03125 0.11171875
2 0.496875 0.7671875 0.28359375 0.2765625
2 0.96875 0.44140625 0.059375 0.1046875
3 0.6828125 0.89921875 0.16953125 0.20078125
3 0.25234375 0.52734375 0.0578125 0.128125
3 0.1859375 0.5078125 0.06171875 0.1359375
2 0.39921875 0.3578125 0.0453125 0.1015625
2 0.41875 0.31171875 0.03125 0.06484375
3 0.925 0.44375 0.034375 0.096875
3 0.60859375 0.31171875 0.02421875 0.05859375
3 0.821875 0.38359375 0.03671875 0.07890625
0 0.188166 0.505466 0.034603 0.090024
0 0.417076 0.417722 0.017980 0.086577
0 0.678094 0.883556 0.081019 0.151442
0 0.057159 0.858764 0.093477 0.190060
0 0.428895 0.923790 0.092307 0.151765
