2 0.43359375 0.88515625 0.08359375 0.20390625
2 0.6703125 0.90859375 0.134375 0.1828125
2 0.70859375 0.82734375 0.13125 0.215625
2 0.5859375 0.64296875 0.0796875 0.1328125
3 0.50546875 0.91484375 0.034375 0.1640625
3 0.54375 0.8984375 0.03671875 0.14609375
2 0.8484375 0.9109375 0.18359375 0.178125
3 0.87890625 0.9125 0.0375 0.078125
3 0.81484375 0.8640625 0.05625 0.1203125
3 0.75625 0.803125 0.04140625 0.12734375
3 0.71328125 0.72890625 0.03203125 0.090625
3 0.67890625 0.6890625 0.028125 0.08203125
3 0.63203125 0.7921875 0.03671875 0.08046875
3 0.615625 0.7125 0.0328125 0.09296875
3 0.44375 0.60625 0.02578125 0.08828125
3 0.44921875 0.4625 0.0203125 0.05546875
3 0.396875 0.346875 0.0109375 0.0375
2 0.49375 0.428125 0.0390625 0.07421875
2 0.47421875 0.4 0.03203125 0.0671875
2 0.453125 0.3703125 0.0296875 0.06640625
2 0.40390625 0.3203125 0.025 0.04296875
2 0.38515625 0.29765625 0.015625 0.028125
0 0.059177 0.941149 0.032773 0.117058
1 0.547372 0.928474 0.029833 0.089273
1 0.506875 0.938741 0.029602 0.077036
0 0.579538 0.973082 0.030346 0.052933
0 0.222437 0.628572 0.016534 0.073875
0 0.506394 0.885881 0.032259 0.092056
0 0.542276 0.877109 0.034843 0.088944
0 0.953794 0.987919 0.023903 0.023475
0 0.806109 0.846142 0.032646 0.084080
1 0.444311 0.609364 0.020516 0.072055
1 0.681289 0.584259 0.055124 0.061180
