2 0.4171875 0.42109375 0.18203125 0.2515625
2 0.57734375 0.32578125 0.10078125 0.153125
2 0.6578125 0.25390625 0.07578125 0.1359375
2 0.69765625 0.21328125 0.04765625 0.09296875
3 0.72109375 0.75234375 0.06796875 0.2921875
3 0.52109375 0.5890625 0.06328125 0.24765625
3 0.33046875 0.4140625 0.05546875 0.171875
3 0.4640625 0.58671875 0.0734375 0.246875
3 0.64765625 0.67109375 0.0796875 0.309375
3 0.77265625 0.6109375 0.0578125 0.25
2 0.71328125 0.16796875 0.03984375 0.06953125
2 0.73515625 0.15078125 0.03046875 0.06015625
2 0.75703125 0.16328125 0.0234375 0.06640625
0 0.270545 0.370357 0.027640 0.133178
0 0.571660 0.479179 0.029587 0.165029
0 0.736485 0.664493 0.048889 0.125880
0 0.652088 0.640432 0.077117 0.206224
1 0.520037 0.629655 0.065340 0.167086
0 0.520141 0.515250 0.049951 0.101709
0 0.764072 0.564891 0.043000 0.161534
1 0.760830 0.635406 0.036195 0.129809
0 0.523962 0.563886 0.058533 0.199970
0 0.337870 0.377114 0.039381 0.099858
0 0.460963 0.518652 0.046091 0.107769
