2 0.71484375 0.1859375 0.04921875 0.096875
3 0.5421875 0.63125 0.06171875 0.2546875
3 0.575 0.26640625 0.03046875 0.10546875
3 0.64375 0.23671875 0.02109375 0.08984375
3 0.6125 0.67890625 0.07109375 0.30546875
3 0.72734375 0.56796875 0.05390625 0.20390625
3 0.3234375 0.4875 0.0796875 0.20625
3 0.26328125 0.47578125 0.08515625 0.2078125
3 0.71953125 0.7203125 0.06484375 0.2859375
3 0.6109375 0.54296875 0.0546875 0.228125
1 0.248876 0.512236 0.053430 0.128658
0 0.611511 0.488692 0.051907 0.114937
1 0.717351 0.773215 0.073463 0.213514
0 0.330405 0.467107 0.029109 0.134603
0 0.276701 0.465778 0.056536 0.195399
1 0.324129 0.538295 0.078520 0.182885
0 0.730101 0.560075 0.055063 0.198989
0 0.645665 0.236387 0.029855 0.079661
1 0.643528 0.253043 0.021771 0.056250
1 0.574251 0.285424 0.032545 0.065151
0 0.318552 0.485760 0.047952 0.098857
