2 0.52265625 0.884375 0.10078125 0.23125
2 0.690625 0.89609375 0.134375 0.20703125
2 0.82265625 0.90078125 0.16171875 0.19609375
2 0.4640625 0.73828125 0.0703125 0.17421875
2 0.38046875 0.71796875 0.059375 0.13671875
2 0.51484375 0.6171875 0.06640625 0.121875
2 0.4046875 0.56875 0.04765625 0.096875
2 0.38828125 0.509375 0.034375 0.07890625
2 0.36640625 0.45234375 0.03203125 0.08359375
2 0.49921875 0.52421875 0.0546875 0.10078125
2 0.54453125 0.51640625 0.05390625 0.08984375
3 0.6484375 0.9625 0.0359375 0.075
3 0.60546875 0.93125 0.03828125 0.1375
3 0.58671875 0.85234375 0.03359375 0.11328125
3 0.55 0.79453125 0.03515625 0.12734375
3 0.61640625 0.803125 0.03203125 0.10390625
3 0.63515625 0.76484375 0.0265625 0.09453125
3 0.7828125 0.9515625 0.0453125 0.096875
3 0.72890625 0.8765625 0.0421875 0.12578125
3 0.7171875 0.784375 0.03671875 0.1015625
3 0.753125 0.77421875 0.0453125 0.103125
3 0.71640625 0.71953125 0.04296875 0.10234375
3 0.5984375 0.721875 0.0328125 0.084375
3 0.57265625 0.75 0.0296875 0.103125
3 0.5640625 0.67734375 0.0265625 0.08203125
3 0.50703125 0.7265625 0.02578125 0.0890625
3 0.51328125 0.68828125 0.02734375 0.09140625
2 0.6234375 0.665625 0.0890625 0.16015625
3 0.57578125 0.60234375 0.015625 0.07421875
3 0.5609375 0.5734375 0.01875 0.06796875
3 0.58515625 0.5671875 0.015625 0.059375
3 0.5984375 0.5578125 0.01875 0.0515625
3 0.5078125 0.4796875 0.01640625 0.04140625
2 0.43359375 0.48828125 0.059375 0.13984375
3 0.453125 0.41171875 0.015625 0.04921875
3 0.3453125 0.4234375 0.01484375 0.05078125
3 0.34296875 0.3375 0.009375 0.03671875
3 0.36640625 0.30078125 0.00859375 0.02734375
2 0.32890625 0.27265625 0.015625 0.02578125
3 0.33671875 0.24296875 0.00546875 0.01796875
2 0.46171875 0.384375 0.03203125 0.05703125
0 0.690084 0.651144 0.018099 0.086479
0 0.396695 0.980081 0.024333 0.039078
0 0.336268 0.486794 0.014549 0.052235
0 0.590290 0.839670 0.033276 0.057891
0 0.707727 0.698258 0.019724 0.047470
0 0.661798 0.572265 0.025001 0.053613
0 0.343366 0.340443 0.009871 0.031425
0 0.717282 0.716218 0.029933 0.054398
