2 0.62578125 0.50078125 0.17265625 0.30546875
2 0.4 0.4609375 0.18359375 0.2765625
2 0.71171875 0.34375 0.0875 0.15
2 0.5296875 0.35078125 0.10234375 0.146875
2 0.696875 0.1984375 0.04296875 0.08046875
2 0.65625 0.234375 0.06484375 0.10546875
2 0.615625 0.28203125 0.08046875 0.1234375
3 0.67734375 0.72890625 0.07265625 0.31640625
3 0.759375 0.4859375 0.05 0.19375
3 0.2921875 0.47421875 0.078125 0.19453125
3 0.34296875 0.39375 0.04296875 0.11875
3 0.47265625 0.5296875 0.06015625 0.23359375
3 0.52421875 0.4515625 0.04921875 0.18828125
3 0.7265625 0.57265625 0.05 0.2265625
3 0.578125 0.38671875 0.0421875 0.14453125
3 0.64296875 0.3078125 0.03125 0.08828125
3 0.74296875 0.2515625 0.0296875 0.08828125
3 0.75625 0.1734375 0.0171875 0.06875
0 0.293300 0.476677 0.049017 0.186466
1 0.469848 0.566977 0.061058 0.161231
0 0.579323 0.371191 0.042822 0.105720
0 0.759621 0.372706 0.033157 0.064929
0 0.727270 0.555616 0.052031 0.168289
0 0.761834 0.449202 0.037917 0.079451
0 0.681073 0.686736 0.072647 0.225119
0 0.521052 0.565102 0.039087 0.176343
0 0.343989 0.377165 0.042180 0.085322
0 0.469763 0.510371 0.058781 0.193147
0 0.318153 0.360081 0.023819 0.091973
1 0.759781 0.523687 0.037717 0.119033
0 0.518971 0.496536 0.058218 0.142129
