3 0.35703125 0.66796875 0.1015625 0.10546875
3 0.20234375 0.6609375 0.0625 0.071875
3 0.41484375 0.3546875 0.0421875 0.06171875
3 0.390625 0.32734375 0.03359375 0.04296875
3 0.57578125 0.58515625 0.084375 0.121875
3 0.6703125 0.60078125 0.0859375 0.10625
3 0.803125 0.5578125 0.065625 0.08359375
3 0.965625 0.47421875 0.03203125 0.06015625
3 0.953125 0.41015625 0.02578125 0.053125
3 0.97265625 0.59140625 0.04296875 0.08671875
3 0.921875 0.55390625 0.04921875 0.0703125
2 0.87734375 0.46953125 0.10703125 0.13359375
2 0.32578125 0.296875 0.0609375 0.0921875
2 0.90859375 0.72578125 0.11640625 0.33984375
0 0.354456 0.634272 0.053474 0.092837
0 0.813781 0.545144 0.025848 0.054159
0 0.676443 0.570721 0.057143 0.110775
0 0.969848 0.441910 0.013488 0.029011
