2 0.36015625 0.46875 0.04609375 0.0875
2 0.6109375 0.75390625 0.11640625 0.2
2 0.36875 0.31328125 0.03671875 0.0546875
2 0.51875 0.54453125 0.071875 0.14609375
2 0.346875 0.37734375 0.034375 0.065625
2 0.3265625 0.20390625 0.02890625 0.05859375
3 0.38828125 0.92734375 0.0328125 0.1453125
3 0.4296875 0.95234375 0.034375 0.09453125
3 0.41953125 0.86328125 0.03671875 0.12734375
3 0.3640625 0.8734375 0.03671875 0.15234375
3 0.35234375 0.790625 0.03359375 0.1125
3 0.39140625 0.7828125 0.0296875 0.11484375
3 0.403125 0.73125 0.03046875 0.11484375
3 0.365625 0.7171875 0.0265625 0.128125
3 0.37421875 0.6328125 0.028125 0.11484375
3 0.5390625 0.765625 0.034375 0.13671875
3 0.60625 0.93984375 0.0390625 0.1203125
3 0.59921875 0.8640625 0.0515625 0.14765625
3 0.6875 0.9234375 0.04609375 0.153125
3 0.74921875 0.925 0.0640625 0.14921875
3 0.821875 0.9546875 0.05625 0.090625
3 0.846875 0.93125 0.065625 0.1375
3 0.77109375 0.83515625 0.05390625 0.1625
3 0.709375 0.78671875 0.04453125 0.128125
3 0.646875 0.71484375 0.03125 0.11484375
3 0.6578125 0.615625 0.03203125 0.09609375
3 0.60859375 0.6515625 0.03125 0.07109375
3 0.58984375 0.5328125 0.02421875 0.08515625
3 0.54296875 0.4734375 0.03046875 0.075
3 0.4234375 0.528125 0.01953125 0.0796875
3 0.384375 0.4140625 0.0203125 0.0671875
3 0.34765625 0.40390625 0.015625 0.05
3 0.38046875 0.36484375 0.01640625 0.04296875
3 0.334375 0.27890625 0.01328125 0.046875
0 0.230673 0.956314 0.025515 0.086520
0 0.537490 0.748153 0.029503 0.099104
0 0.953998 0.964200 0.063796 0.070729
0 0.710163 0.754738 0.030041 0.061648
0 0.688063 0.906864 0.041052 0.117555
1 0.587692 0.519832 0.033980 0.084202
0 0.402120 0.698287 0.024956 0.047226
1 0.538937 0.794049 0.028468 0.082749
0 0.361414 0.840441 0.031317 0.077575
