2 0.3125 0.6296875 0.2171875 0.19609375
2 0.89375 0.7390625 0.2078125 0.2375
2 0.34921875 0.36953125 0.0765625 0.0921875
2 0.66875 0.4125 0.04609375 0.028125
3 0.89765625 0.56015625 0.053125 0.09453125
3 0.71015625 0.66484375 0.09921875 0.18515625
3 0.75546875 0.540625 0.07578125 0.121875
3 0.81875 0.48671875 0.04921875 0.103125
3 0.8953125 0.5125 0.0625 0.0953125
3 0.9328125 0.50234375 0.0421875 0.1125
3 0.85859375 0.40078125 0.03828125 0.09140625
3 0.15625 0.56875 0.0796875 0.13125
3 0.2546875 0.503125 0.06796875 0.07109375
3 0.92109375 0.853125 0.1 0.20703125
0 0.753493 0.531348 0.043888 0.104254
0 0.936042 0.487317 0.029632 0.063388
0 0.857827 0.388062 0.022862 0.060266
0 0.160496 0.577179 0.032015 0.072452
