2 0.71484375 0.74375 0.12734375 0.2078125
2 0.6515625 0.803125 0.13046875 0.19140625
2 0.7484375 0.94296875 0.15 0.1140625
2 0.31640625 0.29453125 0.0296875 0.05
3 0.83984375 0.93828125 0.06484375 0.1234375
3 0.88125 0.91015625 0.06015625 0.16875
3 0.80703125 0.79453125 0.0546875 0.140625
3 0.51171875 0.95546875 0.0390625 0.0890625
3 0.43828125 0.9203125 0.05 0.14609375
3 0.38359375 0.93203125 0.0421875 0.1359375
3 0.5015625 0.88125 0.0484375 0.14375
3 0.325 0.70234375 0.03203125 0.128125
3 0.37890625 0.83359375 0.03359375 0.1375
3 0.3828125 0.7484375 0.03203125 0.11328125
3 0.41640625 0.71015625 0.02890625 0.11875
3 0.38125 0.671875 0.0296875 0.1125
3 0.43671875 0.8296875 0.040625 0.12265625
3 0.45859375 0.76796875 0.03515625 0.13203125
3 0.6328125 0.659375 0.0328125 0.1046875
3 0.6703125 0.61484375 0.034375 0.06484375
3 0.6609375 0.58671875 0.02734375 0.08125
3 0.6359375 0.55 0.02734375 0.090625
3 0.6046875 0.61875 0.02890625 0.08984375
3 0.46484375 0.66796875 0.03359375 0.0890625
3 0.50234375 0.61796875 0.03203125 0.0890625
3 0.428125 0.67734375 0.03515625 0.1078125
3 0.396875 0.5890625 0.02578125 0.09765625
3 0.5453125 0.53671875 0.0203125 0.0671875
2 0.53046875 0.771875 0.1125 0.22890625
2 0.5640625 0.64296875 0.08984375 0.15
2 0.59140625 0.5453125 0.0765625 0.12734375
2 0.44765625 0.57578125 0.05859375 0.1265625
2 0.496875 0.52734375 0.06171875 0.115625
0 0.566618 0.561889 0.029570 0.047878
0 0.411724 0.546843 0.013699 0.049360
0 0.466421 0.661550 0.029002 0.072364
0 0.877548 0.864186 0.029213 0.072110
0 0.843046 0.936932 0.057758 0.122901
0 0.735812 0.669252 0.026929 0.052658
