3 0.95078125 0.8234375 0.09375 0.20859375
3 0.78671875 0.6515625 0.06875 0.1265625
3 0.571875 0.5203125 0.04609375 0.08359375
3 0.58125 0.55859375 0.0609375 0.1296875
3 0.53125 0.5953125 0.05390625 0.1390625
3 0.46796875 0.48828125 0.03203125 0.09375
3 0.40390625 0.4578125 0.025 0.07265625
3 0.37734375 0.46015625 0.02421875 0.07734375
3 0.3328125 0.44609375 0.0203125 0.06796875
2 0.259375 0.4140625 0.040625 0.07578125
2 0.22734375 0.38125 0.028125 0.04921875
0 0.375264 0.472231 0.024231 0.051472
0 0.958937 0.812892 0.059147 0.113805
0 0.407486 0.472531 0.018502 0.042278
1 0.461791 0.501156 0.022406 0.051356
