2 0.73359375 0.334375 0.09296875 0.1484375
2 0.67890625 0.25078125 0.07421875 0.12890625
3 0.71953125 0.70546875 0.07109375 0.30546875
3 0.2625 0.4734375 0.084375 0.21171875
3 0.54453125 0.63203125 0.065625 0.26015625
3 0.4171875 0.3734375 0.05390625 0.153125
3 0.45 0.53671875 0.07890625 0.21640625
3 0.325 0.48671875 0.07734375 0.20546875
3 0.784375 0.41875 0.02734375 0.17578125
3 0.61875 0.67109375 0.0734375 0.31015625
3 0.625 0.38671875 0.03984375 0.153125
3 0.53203125 0.47265625 0.059375 0.20234375
3 0.38046875 0.4984375 0.07265625 0.19609375
3 0.73828125 0.44453125 0.0515625 0.1515625
3 0.35390625 0.4046875 0.046875 0.12734375
3 0.4484375 0.38671875 0.0359375 0.15
3 0.471875 0.32578125 0.0265625 0.103125
3 0.5796875 0.41171875 0.046875 0.15703125
3 0.61640625 0.5375 0.05390625 0.20234375
3 0.64375 0.46796875 0.04140625 0.203125
3 0.72734375 0.5640625 0.0546875 0.2
3 0.74453125 0.3734375 0.0375 0.1046875
2 0.5140625 0.3796875 0.13125 0.215625
2 0.59140625 0.27890625 0.08828125 0.14765625
2 0.6703125 0.19921875 0.06015625 0.09375
2 0.73125 0.2078125 0.04140625 0.0953125
2 0.7109375 0.1703125 0.03203125 0.0390625
2 0.7359375 0.1484375 0.03671875 0.03515625
2 0.75859375 0.13984375 0.021875 0.053125
1 0.716145 0.765871 0.071729 0.187612
0 0.325516 0.465231 0.050379 0.152101
1 0.450530 0.570247 0.081466 0.155297
0 0.717078 0.689773 0.073548 0.211293
0 0.380024 0.484948 0.046166 0.161413
0 0.611645 0.577744 0.058861 0.103056
0 0.546621 0.617767 0.062571 0.231026
1 0.612809 0.740488 0.063264 0.168972
1 0.539983 0.682511 0.060487 0.163555
0 0.451529 0.520175 0.059748 0.174990
0 0.273904 0.473666 0.053538 0.193941
0 0.619668 0.501754 0.058449 0.090497
1 0.379963 0.525290 0.074561 0.143058
0 0.614733 0.721364 0.066728 0.189330
1 0.310957 0.522488 0.049436 0.133828
0 0.640349 0.454714 0.053277 0.134541
0 0.729140 0.521962 0.056516 0.076446
