2 0.484375 0.38671875 0.1515625 0.2234375
3 0.43203125 0.5484375 0.07421875 0.221875
3 0.74453125 0.63359375 0.059375 0.27265625
3 0.59609375 0.65 0.06796875 0.27578125
3 0.66875 0.684375 0.06328125 0.3015625
3 0.29140625 0.509375 0.08515625 0.22734375
3 0.69765625 0.53984375 0.046875 0.20625
3 0.51640625 0.56953125 0.078125 0.24453125
3 0.26484375 0.4796875 0.06875 0.1984375
3 0.35234375 0.40546875 0.0671875 0.17734375
3 0.50234375 0.4828125 0.0484375 0.19765625
0 0.590150 0.618754 0.074304 0.206342
0 0.434675 0.536974 0.065767 0.176603
0 0.509591 0.428195 0.037809 0.074911
0 0.520194 0.554116 0.062254 0.199538
1 0.670987 0.744374 0.065660 0.228317
0 0.399367 0.306943 0.034583 0.130213
0 0.698216 0.533514 0.046624 0.194565
0 0.676880 0.598736 0.061552 0.135114
0 0.359865 0.401812 0.033460 0.128250
