2 0.73984375 0.41484375 0.1 0.209375
2 0.703125 0.28359375 0.07265625 0.11875
2 0.753125 0.23671875 0.02265625 0.09921875
2 0.5921875 0.26171875 0.11953125 0.20859375
3 0.5265625 0.5703125 0.06640625 0.2484375
3 0.68203125 0.68046875 0.0609375 0.28203125
3 0.6015625 0.5921875 0.07421875 0.26015625
3 0.7484375 0.1375 0.015625 0.04765625
3 0.6609375 0.25546875 0.03359375 0.1015625
3 0.59375 0.47578125 0.06171875 0.19296875
3 0.490625 0.51796875 0.071875 0.221875
3 0.375 0.440625 0.05390625 0.16640625
3 0.678125 0.55703125 0.05546875 0.24375
3 0.31171875 0.47109375 0.08203125 0.18671875
3 0.5625 0.4265625 0.04453125 0.153125
3 0.5078125 0.33359375 0.034375 0.0875
3 0.49375 0.29140625 0.03125 0.0796875
3 0.6390625 0.4015625 0.0453125 0.14921875
3 0.68515625 0.3609375 0.0375 0.1296875
3 0.61171875 0.35703125 0.0359375 0.09453125
3 0.6234375 0.3046875 0.03984375 0.08984375
3 0.659375 0.325 0.02890625 0.09453125
3 0.6859375 0.225 0.02109375 0.07421875
3 0.6984375 0.19921875 0.015625 0.0546875
3 0.71640625 0.19375 0.021875 0.0703125
3 0.38046875 0.36640625 0.0421875 0.10078125
3 0.45390625 0.30859375 0.02890625 0.053125
2 0.45546875 0.45546875 0.18984375 0.27734375
1 0.680231 0.730052 0.064003 0.184945
0 0.591344 0.640526 0.055246 0.165437
0 0.605474 0.561030 0.065713 0.182497
1 0.482908 0.556115 0.060513 0.147161
0 0.525768 0.604082 0.065266 0.175312
0 0.666159 0.431745 0.029531 0.107776
0 0.679648 0.494098 0.050617 0.088449
0 0.685802 0.612582 0.052809 0.107148
0 0.490818 0.493074 0.056807 0.169475
0 0.687854 0.338412 0.030500 0.066528
