3 0.45390625 0.4671875 0.03984375 0.09609375
3 0.5609375 0.44921875 0.03203125 0.109375
3 0.58125 0.3984375 0.0265625 0.07265625
3 0.54453125 0.39296875 0.0234375 0.06953125
3 0.5734375 0.37421875 0.0203125 0.059375
3 0.64453125 0.321875 0.015625 0.04921875
2 0.72109375 0.33046875 0.040625 0.06640625
2 0.7421875 0.290625 0.034375 0.0859375
3 0.76640625 0.31953125 0.01171875 0.05
2 0.77890625 0.284375 0.01953125 0.03515625
2 0.71953125 0.27890625 0.0171875 0.02890625
3 0.71328125 0.2875 0.0078125 0.028125
3 0.68046875 0.2921875 0.00859375 0.03203125
0 0.559806 0.443487 0.032288 0.067742
0 0.456772 0.459614 0.036405 0.066713
0 0.579052 0.388076 0.029285 0.068524
0 0.545872 0.387364 0.018866 0.044015
0 0.644571 0.322128 0.013493 0.038087
