3 0.9 0.3984375 0.0359375 0.0734375
3 0.8671875 0.3765625 0.0359375 0.0625
3 0.828125 0.428125 0.04453125 0.08828125
3 0.79296875 0.40078125 0.04140625 0.078125
3 0.3953125 0.29296875 0.01796875 0.06171875
3 0.36796875 0.30078125 0.01875 0.05859375
3 0.346875 0.29609375 0.021875 0.06796875
3 0.3328125 0.2734375 0.0140625 0.0625
3 0.22421875 0.525 0.078125 0.140625
3 0.47578125 0.446875 0.08984375 0.075
2 0.440625 0.53203125 0.2109375 0.15078125
2 0.36484375 0.25859375 0.0515625 0.04765625
3 0.20546875 0.69140625 0.06796875 0.1125
0 0.824651 0.424441 0.028445 0.078923
0 0.894615 0.399882 0.022029 0.058252
0 0.469094 0.464902 0.062978 0.088229
0 0.793201 0.402916 0.030502 0.053514
