2 0.896875 0.6265625 0.12578125 0.25234375
2 0.94375 0.44375 0.08125 0.09375
2 0.36953125 0.33046875 0.08203125 0.096875
3 0.45859375 0.6734375 0.1 0.1078125
3 0.4796875 0.59375 0.08828125 0.07578125
3 0.64609375 0.56640625 0.07578125 0.0921875
3 0.5203125 0.38828125 0.05625 0.06171875
3 0.51640625 0.34921875 0.05625 0.046875
3 0.303125 0.2703125 0.02265625 0.071875
3 0.78671875 0.490625 0.06171875 0.09140625
3 0.85 0.51953125 0.0484375 0.08515625
3 0.20234375 0.6703125 0.07421875 0.09453125
3 0.984375 0.55859375 0.03046875 0.0859375
3 0.95234375 0.53828125 0.02578125 0.0703125
3 0.91328125 0.4984375 0.04296875 0.03203125
3 0.99296875 0.4546875 0.0140625 0.06875
0 0.303265 0.271430 0.013225 0.037702
0 0.487277 0.567638 0.056936 0.091957
0 0.467393 0.631644 0.071776 0.106856
0 0.639521 0.541988 0.026533 0.054788
0 0.793291 0.458883 0.035224 0.075853
