3 0.32421875 0.88515625 0.09921875 0.1890625
3 0.4703125 0.4890625 0.040625 0.078125
3 0.103125 0.61875 0.06328125 0.1125
3 0.29453125 0.54296875 0.04765625 0.1046875
3 0.35 0.534375 0.04453125 0.10234375
3 0.3890625 0.4953125 0.04453125 0.084375
3 0.5703125 0.46171875 0.03046875 0.0875
3 0.74921875 0.39921875 0.0234375 0.0546875
3 0.79453125 0.5359375 0.02734375 0.09921875
2 0.815625 0.37265625 0.0546875 0.07578125
2 0.40234375 0.40390625 0.04453125 0.08125
3 0.3484375 0.37890625 0.0109375 0.0453125
2 0.428125 0.36015625 0.025 0.04453125
1 0.101803 0.637489 0.066644 0.081593
0 0.345262 0.529986 0.030270 0.067168
0 0.315658 0.886090 0.073339 0.176673
0 0.456832 0.442272 0.018332 0.037115
0 0.569147 0.457794 0.022731 0.059982
0 0.098731 0.618245 0.042199 0.078731
0 0.745066 0.411039 0.012507 0.030057
1 0.350177 0.553997 0.046647 0.055345
1 0.295497 0.557012 0.047203 0.068141
0 0.233014 0.499405 0.017471 0.034131
0 0.347780 0.381947 0.011129 0.045234
0 0.384048 0.485147 0.015330 0.044579
1 0.794241 0.538343 0.032612 0.107710
0 0.487936 0.438514 0.017461 0.027636
0 0.752661 0.395614 0.012236 0.035754
