2 0.42890625 0.428125 0.19453125 0.25546875
2 0.59296875 0.6890625 0.2171875 0.4390625
2 0.725 0.365625 0.10078125 0.17890625
2 0.6640625 0.234375 0.05390625 0.115625
2 0.59453125 0.26640625 0.109375 0.2046875
3 0.6859375 0.8390625 0.090625 0.3203125
3 0.4484375 0.68359375 0.07578125 0.3046875
3 0.53046875 0.55703125 0.06328125 0.23984375
3 0.74609375 0.6703125 0.0625 0.26796875
3 0.69765625 0.471875 0.05234375 0.15703125
3 0.4375 0.58046875 0.0796875 0.24609375
3 0.59296875 0.44375 0.0453125 0.1421875
3 0.62890625 0.3859375 0.04296875 0.15390625
3 0.75078125 0.51484375 0.05 0.14609375
3 0.73046875 0.2109375 0.02265625 0.0890625
2 0.71953125 0.17109375 0.04609375 0.0671875
2 0.74375 0.24765625 0.0421875 0.0671875
1 0.703466 0.487941 0.061998 0.193551
0 0.692824 0.765091 0.089123 0.174642
