3 0.3546875 0.4796875 0.05625 0.15234375
3 0.73671875 0.62265625 0.0734375 0.16875
3 0.31953125 0.2296875 0.01796875 0.04140625
3 0.30390625 0.24140625 0.01328125 0.03828125
3 0.296875 0.22421875 0.0109375 0.04296875
3 0.28671875 0.21328125 0.0125 0.0328125
3 0.2859375 0.2453125 0.009375 0.04296875
3 0.97734375 0.42265625 0.0234375 0.05234375
2 0.41640625 0.309375 0.07421875 0.08828125
2 0.334375 0.27109375 0.04609375 0.05390625
2 0.925 0.840625 0.15 0.31796875
0 0.356213 0.480658 0.038672 0.103691
