2 0.615625 0.54921875 0.17890625 0.359375
2 0.71640625 0.17890625 0.05078125 0.0765625
2 0.6140625 0.27109375 0.0796875 0.1390625
2 0.74921875 0.340625 0.08515625 0.159375
2 0.5203125 0.34375 0.12421875 0.19375
2 0.4015625 0.5078125 0.1859375 0.2734375
3 0.13828125 0.60625 0.121875 0.23828125
3 0.7234375 0.53984375 0.0546875 0.22421875
3 0.434375 0.596875 0.08203125 0.246875
3 0.2828125 0.4828125 0.08984375 0.1984375
3 0.21171875 0.47890625 0.0875 0.19296875
3 0.5 0.5015625 0.06484375 0.20078125
3 0.66171875 0.346875 0.0375 0.07265625
3 0.73828125 0.44765625 0.03828125 0.1703125
3 0.6578125 0.303125 0.03125 0.12578125
3 0.75703125 0.165625 0.015625 0.04140625
3 0.82109375 0.3671875 0.0265625 0.0703125
2 0.740625 0.25390625 0.059375 0.140625
2 0.66484375 0.21640625 0.05703125 0.09453125
0 0.657765 0.286925 0.032180 0.071358
0 0.725454 0.488364 0.045028 0.083693
0 0.738548 0.423258 0.038989 0.109533
0 0.571930 0.215198 0.018478 0.076730
0 0.500301 0.474540 0.046382 0.108282
0 0.806465 0.591956 0.034196 0.185923
0 0.825381 0.518247 0.029858 0.119176
1 0.439916 0.603828 0.095250 0.235389
0 0.308529 0.447025 0.032064 0.125151
