2 0.15625 0.596875 0.128125 0.125
2 0.784375 0.40390625 0.06015625 0.06875
3 0.36484375 0.46484375 0.025 0.06796875
3 0.36640625 0.409375 0.0140625 0.04453125
3 0.42265625 0.40078125 0.0171875 0.0546875
3 0.4796875 0.38984375 0.0171875 0.0421875
3 0.5359375 0.415625 0.03203125 0.0578125
3 0.39140625 0.39140625 0.01015625 0.0453125
3 0.37734375 0.39375 0.0140625 0.04375
2 0.403125 0.3703125 0.028125 0.05234375
2 0.36015625 0.36484375 0.02109375 0.0453125
2 0.38671875 0.35390625 0.01875 0.0484375
0 0.839691 0.411444 0.019740 0.042002
1 0.363997 0.478440 0.019907 0.035502
