2 0.6921875 0.60078125 0.15390625 0.178125
2 0.94765625 0.828125 0.1046875 0.2875
2 0.53203125 0.46796875 0.06484375 0.08671875
3 0.88046875 0.65859375 0.06484375 0.1328125
3 0.35859375 0.4546875 0.01796875 0.06953125
3 0.303125 0.50546875 0.0359375 0.07890625
3 0.36640625 0.38671875 0.01328125 0.04765625
3 0.82265625 0.3921875 0.01640625 0.06796875
0 0.820111 0.399197 0.012709 0.035039
0 0.357358 0.447912 0.017706 0.051720
0 0.367325 0.387706 0.012326 0.038959
1 0.358071 0.473246 0.016855 0.035324
