2 0.3703125 0.80703125 0.25234375 0.3859375
3 0.103125 0.8171875 0.11484375 0.19140625
2 0.29296875 0.53515625 0.12578125 0.109375
2 0.48125 0.53125 0.13984375 0.16953125
2 0.6359375 0.5921875 0.10078125 0.2296875
2 0.72421875 0.42890625 0.05 0.115625
2 0.68984375 0.36953125 0.04296875 0.0921875
3 0.72265625 0.54609375 0.03359375 0.15625
3 0.29296875 0.72578125 0.0484375 0.165625
3 0.32265625 0.62109375 0.05703125 0.14140625
3 0.296875 0.5859375 0.04609375 0.10234375
3 0.4609375 0.44375 0.02734375 0.059375
3 0.5125 0.446875 0.034375 0.0796875
3 0.5671875 0.428125 0.02734375 0.09375
3 0.56640625 0.36796875 0.0171875 0.06171875
3 0.5875 0.37109375 0.01953125 0.06875
3 0.6203125 0.359375 0.0171875 0.05625
3 0.61953125 0.47890625 0.0265625 0.075
0 0.099971 0.816057 0.062565 0.129259
0 0.725551 0.531404 0.043951 0.110957
0 0.320063 0.623137 0.047761 0.092005
0 0.568794 0.419633 0.028714 0.062707
0 0.302245 0.716645 0.047233 0.094406
0 0.515924 0.417734 0.028868 0.056772
0 0.297722 0.580104 0.027752 0.079515
0 0.630919 0.342968 0.015989 0.044504
1 0.724232 0.585637 0.025931 0.072746
