3 0.60390625 0.78203125 0.05390625 0.23203125
3 0.5515625 0.67890625 0.05234375 0.21796875
3 0.61328125 0.51484375 0.0328125 0.134375
3 0.696875 0.48828125 0.02578125 0.128125
3 0.63515625 0.41640625 0.02265625 0.08203125
3 0.65546875 0.3359375 0.0140625 0.05546875
3 0.72890625 0.37890625 0.01640625 0.07265625
2 0.6875 0.41640625 0.06015625 0.07890625
2 0.7671875 0.35 0.04140625 0.08203125
2 0.73203125 0.32578125 0.034375 0.0640625
2 0.675 0.31328125 0.034375 0.03984375
0 0.555746 0.667411 0.060741 0.161081
0 0.603067 0.759348 0.060882 0.174611
0 0.616387 0.492558 0.040534 0.082637
0 0.694860 0.480889 0.037049 0.090881
0 0.655885 0.333662 0.014735 0.039908
0 0.633897 0.393533 0.018395 0.037083
0 0.729814 0.363829 0.016438 0.034317
