2 0.78125 0.56328125 0.08671875 0.15625
3 0.925 0.85 0.096875 0.215625
3 0.55390625 0.696875 0.05 0.16484375
3 0.6828125 0.84296875 0.0703125 0.178125
3 0.775 0.6984375 0.07265625 0.165625
3 0.50234375 0.590625 0.03203125 0.121875
3 0.5359375 0.54296875 0.03203125 0.09609375
3 0.6828125 0.46875 0.01875 0.0765625
3 0.81796875 0.4265625 0.01640625 0.06171875
3 0.8015625 0.3921875 0.01796875 0.0640625
3 0.384375 0.46328125 0.01875 0.065625
3 0.39453125 0.4265625 0.01484375 0.04921875
3 0.38203125 0.3984375 0.0125 0.05625
3 0.41484375 0.38359375 0.01171875 0.0484375
2 0.35234375 0.35390625 0.0234375 0.04296875
0 0.550770 0.673676 0.043675 0.123640
0 0.501977 0.579412 0.027918 0.088577
0 0.923438 0.825858 0.061622 0.154391
0 0.780370 0.687265 0.052222 0.117939
0 0.682515 0.459377 0.017337 0.053744
1 0.678699 0.483326 0.017797 0.038663
1 0.501812 0.620212 0.025717 0.053217
0 0.231565 0.499914 0.015131 0.034649
0 0.685427 0.843040 0.061758 0.201250
1 0.557755 0.737859 0.038347 0.080467
0 0.529306 0.527547 0.022367 0.056804
1 0.923145 0.887862 0.097599 0.137571
0 0.387963 0.423119 0.025488 0.058946
1 0.770144 0.716784 0.062936 0.126478
0 0.816082 0.436339 0.017955 0.054338
0 0.904472 0.837276 0.038779 0.095967
0 0.783321 0.457238 0.021480 0.048882
