2 0.54765625 0.42578125 0.0734375 0.0671875
2 0.765625 0.4203125 0.0640625 0.06875
3 0.41640625 0.66015625 0.0609375 0.1515625
3 0.34921875 0.46640625 0.02109375 0.08359375
3 0.4859375 0.3953125 0.02265625 0.05546875
3 0.45 0.38515625 0.0140625 0.04453125
3 0.39453125 0.3875 0.0171875 0.053125
3 0.375 0.371875 0.01015625 0.05390625
3 0.35390625 0.378125 0.01328125 0.05234375
3 0.428125 0.3671875 0.0125 0.04375
2 0.40546875 0.36875 0.02734375 0.0421875
0 0.413673 0.634920 0.030044 0.091820
0 0.376569 0.373574 0.011788 0.044691
0 0.394788 0.382708 0.012928 0.035946
