2 0.74140625 0.8453125 0.15859375 0.30859375
2 0.371875 0.56796875 0.04375 0.13125
2 0.36640625 0.4625 0.0421875 0.07265625
2 0.40078125 0.44375 0.05 0.09765625
2 0.428125 0.38046875 0.0359375 0.04375
2 0.4765625 0.39765625 0.034375 0.06171875
2 0.453125 0.3703125 0.03125 0.06484375
3 0.85625 0.94453125 0.05546875 0.11015625
3 0.82890625 0.88671875 0.05625 0.125
3 0.625 0.94375 0.046875 0.1125
3 0.5203125 0.8921875 0.04296875 0.13515625
3 0.484375 0.9265625 0.0390625 0.13671875
3 0.43671875 0.93671875 0.034375 0.1265625
3 0.5875 0.5640625 0.0203125 0.0703125
3 0.565625 0.5828125 0.01875 0.07734375
3 0.55546875 0.5421875 0.01640625 0.0375
3 0.471875 0.54765625 0.0203125 0.06640625
3 0.45546875 0.55546875 0.01640625 0.06015625
3 0.43671875 0.5296875 0.01875 0.040625
3 0.34609375 0.5125 0.015625 0.0578125
3 0.35 0.48125 0.0421875 0.0703125
3 0.42421875 0.4890625 0.01796875 0.059375
3 0.49921875 0.45390625 0.0140625 0.05078125
3 0.471875 0.425 0.015625 0.04921875
3 0.32734375 0.38515625 0.0109375 0.0453125
3 0.3484375 0.33125 0.009375 0.03359375
3 0.34921875 0.3046875 0.009375 0.0296875
3 0.38671875 0.31953125 0.009375 0.02265625
2 0.58515625 0.7984375 0.10078125 0.1921875
2 0.6234375 0.63125 0.0734375 0.1328125
2 0.53359375 0.58828125 0.071875 0.1203125
2 0.4921875 0.64453125 0.06796875 0.1328125
2 0.4921875 0.5015625 0.04609375 0.08359375
2 0.45546875 0.4703125 0.03828125 0.06171875
2 0.440625 0.421875 0.0421875 0.0609375
2 0.37890625 0.3796875 0.0234375 0.04140625
2 0.346875 0.40078125 0.0265625 0.05390625
2 0.34609375 0.3640625 0.0234375 0.0453125
2 0.38984375 0.353125 0.02890625 0.046875
2 0.41328125 0.33828125 0.025 0.03984375
2 0.36953125 0.32890625 0.021875 0.0421875
2 0.33359375 0.3109375 0.01640625 0.034375
2 0.434375 0.671875 0.11015625 0.2796875
2 0.4015625 0.31796875 0.01953125 0.03359375
2 0.3859375 0.29765625 0.015625 0.0265625
0 0.518766 0.859810 0.035770 0.064879
0 0.483699 0.908170 0.033733 0.090309
0 0.436677 0.906187 0.029343 0.063295
0 0.622342 0.944194 0.040590 0.110659
0 0.713817 0.653609 0.025913 0.069392
0 0.619548 0.922259 0.031943 0.066659
