2 0.421875 0.759375 0.27578125 0.28515625
2 0.66640625 0.56875 0.19140625 0.16640625
2 0.3953125 0.45078125 0.3296875 0.265625
2 0.16328125 0.640625 0.25 0.20703125
3 0.86015625 0.5046875 0.046875 0.1078125
3 0.97734375 0.53671875 0.0453125 0.1234375
2 0.95546875 0.4265625 0.08046875 0.1125
3 0.85546875 0.4015625 0.040625 0.08359375
3 0.7890625 0.38046875 0.028125 0.07265625
3 0.821875 0.3796875 0.03046875 0.07109375
3 0.70078125 0.35390625 0.0375 0.07578125
3 0.18515625 0.5 0.0703125 0.1078125
1 0.976265 0.564817 0.046745 0.069977
0 0.979359 0.524749 0.040536 0.098647
0 0.862563 0.494142 0.030534 0.085259
