3 0.26015625 0.534375 0.03359375 0.1203125
3 0.48515625 0.7453125 0.08984375 0.18828125
3 0.74140625 0.725 0.0640625 0.18046875
3 0.821875 0.91875 0.13515625 0.1625
3 0.7953125 0.678125 0.05859375 0.15234375
3 0.76171875 0.5390625 0.0296875 0.08671875
3 0.82265625 0.50703125 0.02109375 0.08046875
3 0.2734375 0.38515625 0.0125 0.04453125
2 0.240625 0.38984375 0.03671875 0.06640625
2 0.19296875 0.3546875 0.0203125 0.03984375
2 0.16328125 0.32265625 0.01328125 0.0234375
2 0.2203125 0.359375 0.04609375 0.0875
2 0.215625 0.32734375 0.03671875 0.040625
0 0.475840 0.710863 0.049279 0.107946
0 0.744870 0.704924 0.049925 0.121702
0 0.258810 0.505501 0.025712 0.049012
0 0.837496 0.879892 0.024008 0.038694
0 0.787837 0.674626 0.034142 0.068599
0 0.820138 0.521677 0.013634 0.039037
