2 0.4796875 0.3484375 0.14296875 0.18046875
2 0.62734375 0.50390625 0.16015625 0.25859375
3 0.640625 0.6640625 0.0859375 0.290625
3 0.4921875 0.55 0.05859375 0.2234375
3 0.72421875 0.70234375 0.07109375 0.27421875
3 0.5625 0.35859375 0.0390625 0.14921875
3 0.671875 0.2734375 0.0296875 0.1078125
2 0.734375 0.14375 0.05 0.08984375
3 0.3015625 0.4671875 0.07421875 0.2109375
3 0.36796875 0.475 0.0890625 0.21015625
3 0.4171875 0.54140625 0.071875 0.225
3 0.45 0.43828125 0.0609375 0.146875
3 0.48828125 0.4734375 0.0453125 0.1875
3 0.77421875 0.58125 0.04921875 0.20703125
3 0.71875 0.515625 0.04453125 0.20390625
3 0.77421875 0.459375 0.040625 0.13359375
3 0.7484375 0.43203125 0.03515625 0.15859375
3 0.640625 0.33125 0.03203125 0.10078125
2 0.6015625 0.2828125 0.09375 0.14453125
2 0.71640625 0.3296875 0.10234375 0.18046875
2 0.65234375 0.22890625 0.05703125 0.10078125
2 0.74921875 0.2265625 0.03984375 0.05078125
2 0.69609375 0.18828125 0.04140625 0.07578125
0 0.492121 0.547806 0.061791 0.218610
1 0.561444 0.385496 0.038599 0.098258
0 0.643610 0.332518 0.037040 0.090868
0 0.637313 0.662635 0.095469 0.284770
0 0.567932 0.328627 0.041351 0.093107
0 0.302044 0.465297 0.065925 0.202902
0 0.777550 0.470797 0.056112 0.154497
1 0.413795 0.589231 0.068880 0.156904
