2 0.48515625 0.390625 0.146875 0.22109375
2 0.240625 0.63359375 0.3453125 0.48125
2 0.625 0.26875 0.0890625 0.13671875
2 0.74140625 0.16171875 0.04921875 0.07578125
3 0.6484375 0.63828125 0.06875 0.29921875
3 0.33125 0.725 0.11484375 0.30078125
3 0.74921875 0.6546875 0.059375 0.26640625
3 0.409375 0.3484375 0.0578125 0.14609375
3 0.67890625 0.2109375 0.025 0.07578125
3 0.5609375 0.2578125 0.034375 0.10546875
3 0.20390625 0.45859375 0.08828125 0.14453125
0 0.682225 0.211094 0.019098 0.063380
0 0.757568 0.578074 0.043960 0.111407
0 0.561239 0.265368 0.029813 0.081788
