3 0.8125 0.94140625 0.05546875 0.1171875
3 0.5390625 0.6703125 0.0265625 0.10859375
3 0.59375 0.64375 0.0234375 0.0921875
3 0.515625 0.51796875 0.01875 0.07109375
3 0.4328125 0.515625 0.01640625 0.07109375
3 0.45703125 0.46640625 0.01640625 0.059375
3 0.4375 0.440625 0.01328125 0.0515625
3 0.45234375 0.4328125 0.01328125 0.04453125
3 0.4125 0.3921875 0.0109375 0.04375
3 0.384375 0.42734375 0.0125 0.05078125
3 0.37734375 0.33671875 0.0109375 0.0375
3 0.36484375 0.29296875 0.0078125 0.02421875
3 0.33125 0.284375 0.00703125 0.021875
3 0.3296875 0.2578125 0.00625 0.0171875
3 0.3328125 0.23984375 0.00703125 0.0125
3 0.3203125 0.2390625 0.00546875 0.01484375
3 0.31015625 0.23984375 0.0046875 0.0140625
3 0.30859375 0.22578125 0.00546875 0.01171875
3 0.31328125 0.2140625 0.00390625 0.0125
3 0.31796875 0.2125 0.003125 0.0109375
3 0.32109375 0.225 0.0046875 0.009375
3 0.32421875 0.23125 0.00390625 0.0125
2 0.6390625 0.79921875 0.10546875 0.16171875
2 0.46328125 0.38203125 0.03203125 0.0578125
2 0.484375 0.559375 0.059375 0.0984375
2 0.35 0.37734375 0.02890625 0.0515625
2 0.34296875 0.3390625 0.0203125 0.03359375
2 0.4125 0.34296875 0.0234375 0.03828125
2 0.40390625 0.33203125 0.015625 0.0328125
0 0.437427 0.439035 0.014136 0.048234
0 0.431329 0.525719 0.014606 0.039623
0 0.537840 0.661332 0.023245 0.075617
