3 0.22265625 0.51953125 0.08671875 0.09140625
3 0.42421875 0.52109375 0.065625 0.1046875
3 0.553125 0.50625 0.05234375 0.071875
3 0.79296875 0.60625 0.03046875 0.12578125
3 0.70546875 0.48046875 0.03984375 0.06484375
3 0.79609375 0.49609375 0.034375 0.06328125
3 0.853125 0.4953125 0.025 0.0625
3 0.34453125 0.4296875 0.0390625 0.06953125
3 0.2375 0.4046875 0.0203125 0.05703125
3 0.2 0.39765625 0.01484375 0.046875
3 0.18359375 0.39296875 0.01328125 0.04609375
3 0.1703125 0.378125 0.01171875 0.0453125
3 0.16328125 0.34921875 0.01171875 0.0421875
2 0.196875 0.33515625 0.01796875 0.02734375
0 0.235885 0.406317 0.014977 0.039664
0 0.182466 0.396869 0.010922 0.041180
0 0.198143 0.402286 0.012807 0.042146
0 0.433224 0.510912 0.033379 0.077506
0 0.555727 0.504884 0.023641 0.056382
