3 0.9015625 0.95 0.06015625 0.1
3 0.83984375 0.940625 0.053125 0.11875
3 0.83984375 0.88359375 0.0578125 0.13125
3 0.78671875 0.8265625 0.04921875 0.1375
3 0.6125 0.86640625 0.03984375 0.1203125
3 0.69375 0.89921875 0.04140625 0.10859375
3 0.5921875 0.94453125 0.04140625 0.1109375
3 0.3921875 0.92421875 0.0390625 0.1421875
3 0.4359375 0.896875 0.03125 0.09375
3 0.43359375 0.828125 0.0234375 0.08359375
3 0.46796875 0.8515625 0.0234375 0.121875
3 0.48828125 0.7828125 0.02109375 0.115625
3 0.50546875 0.80859375 0.025 0.065625
3 0.409375 0.803125 0.02421875 0.11640625
3 0.38984375 0.83515625 0.02578125 0.0921875
3 0.3765625 0.78359375 0.02109375 0.10078125
3 0.38828125 0.7484375 0.02421875 0.10703125
3 0.3640625 0.72578125 0.02421875 0.10078125
3 0.36796875 0.66875 0.02109375 0.07578125
3 0.39140625 0.69296875 0.02421875 0.08359375
3 0.74453125 0.7625 0.03828125 0.11484375
3 0.7140625 0.7140625 0.02890625 0.0875
3 0.71484375 0.77578125 0.034375 0.1140625
3 0.684375 0.678125 0.0234375 0.0859375
3 0.65703125 0.65 0.0203125 0.09140625
3 0.640625 0.61796875 0.02578125 0.0890625
3 0.6171875 0.70078125 0.02890625 0.08125
3 0.6 0.721875 0.02578125 0.09765625
3 0.58671875 0.68359375 0.01875 0.0484375
3 0.58515625 0.659375 0.021875 0.07109375
3 0.5640625 0.6359375 0.02109375 0.08203125
3 0.575 0.53203125 0.01796875 0.05859375
3 0.35390625 0.55234375 0.01484375 0.06015625
3 0.37578125 0.53515625 0.0140625 0.04921875
3 0.36640625 0.51953125 0.015625 0.05859375
3 0.32890625 0.37890625 0.01171875 0.0421875
2 0.43828125 0.9640625 0.07109375 0.07109375
2 0.52109375 0.9171875 0.10546875 0.165625
2 0.671875 0.93203125 0.11640625 0.13515625
2 0.78046875 0.91328125 0.14921875 0.17265625
2 0.67890625 0.7828125 0.1046875 0.18203125
2 0.5734375 0.7546875 0.090625 0.16484375
2 0.44140625 0.71328125 0.06640625 0.14921875
2 0.4328125 0.60859375 0.05234375 0.109375
2 0.5140625 0.61328125 0.06796875 0.12265625
2 0.5265625 0.5171875 0.046875 0.08359375
2 0.47890625 0.546875 0.0484375 0.11171875
2 0.484375 0.4640625 0.04296875 0.071875
2 0.45546875 0.428125 0.04296875 0.06953125
2 0.421875 0.3984375 0.03203125 0.059375
2 0.403125 0.3734375 0.0296875 0.053125
2 0.41328125 0.55 0.04296875 0.084375
2 0.3953125 0.49453125 0.04296875 0.08359375
2 0.3609375 0.3609375 0.0234375 0.05078125
2 0.3703125 0.31015625 0.01875 0.03515625
2 0.40390625 0.3203125 0.02421875 0.0359375
2 0.3859375 0.29765625 0.01640625 0.025
2 0.60546875 0.61484375 0.07109375 0.13203125
2 0.371875 0.60078125 0.04765625 0.090625
2 0.375 0.45234375 0.04140625 0.07265625
2 0.4546875 0.36875 0.034375 0.0609375
3 0.34609375 0.29375 0.0046875 0.0265625
3 0.33984375 0.29140625 0.00625 0.025
0 0.838478 0.787943 0.025752 0.102100
0 0.909906 0.959954 0.039377 0.079465
0 0.885238 0.951557 0.025185 0.096044
0 0.682225 0.671703 0.025035 0.068286
0 0.388133 0.685494 0.021041 0.062561
0 0.656001 0.644477 0.030950 0.080247
0 0.329559 0.379343 0.009876 0.039148
