2 0.52421875 0.93671875 0.1015625 0.1265625
2 0.47421875 0.83359375 0.08203125 0.18671875
2 0.559375 0.753125 0.090625 0.1625
2 0.75390625 0.946875 0.1296875 0.10625
2 0.5953125 0.68046875 0.08046875 0.1328125
2 0.5546875 0.59453125 0.065625 0.1015625
2 0.49765625 0.53203125 0.05546875 0.10078125
2 0.396875 0.5546875 0.04921875 0.0984375
2 0.42890625 0.49921875 0.04453125 0.08359375
3 0.61328125 0.93046875 0.0421875 0.1390625
3 0.76640625 0.85 0.0390625 0.1390625
3 0.79375 0.8265625 0.05390625 0.12734375
3 0.84765625 0.88828125 0.05859375 0.134375
3 0.87890625 0.9515625 0.0578125 0.096875
3 0.55234375 0.52109375 0.02421875 0.0671875
3 0.5234375 0.50078125 0.01796875 0.065625
3 0.46484375 0.4484375 0.01484375 0.05390625
3 0.36796875 0.45703125 0.01328125 0.05390625
3 0.390625 0.4625 0.0140625 0.05546875
3 0.425 0.43046875 0.0140625 0.04921875
3 0.4546875 0.421875 0.0140625 0.0484375
3 0.34140625 0.396875 0.0125 0.046875
3 0.37109375 0.32734375 0.00859375 0.03203125
3 0.36953125 0.30859375 0.0078125 0.02109375
3 0.35625 0.30546875 0.009375 0.03203125
3 0.34609375 0.29296875 0.00859375 0.02578125
2 0.68203125 0.80546875 0.10859375 0.1703125
2 0.475 0.4 0.034375 0.0640625
2 0.453125 0.36875 0.03046875 0.06171875
2 0.4 0.3484375 0.040625 0.09140625
2 0.38515625 0.29453125 0.015625 0.021875
0 0.551272 0.518772 0.021199 0.052540
0 0.615734 0.904238 0.037732 0.081540
1 0.614999 0.965331 0.033513 0.067555
1 0.620524 0.573232 0.039504 0.050810
0 0.523425 0.498937 0.020639 0.067331
0 0.455882 0.419292 0.015288 0.040116
0 0.391499 0.461974 0.014544 0.047427
0 0.346604 0.293694 0.007374 0.024963
0 0.368797 0.462367 0.013081 0.045294
