2 0.33359375 0.334375 0.05546875 0.0734375
3 0.11015625 0.784375 0.1078125 0.225
3 0.03359375 0.6046875 0.0671875 0.16875
3 0.38359375 0.509375 0.04140625 0.13046875
3 0.4328125 0.365625 0.01328125 0.078125
3 0.45625 0.35625 0.0171875 0.08359375
3 0.3984375 0.35625 0.0171875 0.08125
2 0.35546875 0.45859375 0.08515625 0.1265625
2 0.4921875 0.39609375 0.0515625 0.11640625
2 0.98359375 0.4734375 0.0328125 0.0984375
2 0.5125 0.30625 0.03125 0.06171875
2 0.48203125 0.24921875 0.01953125 0.0453125
3 0.54609375 0.284375 0.01328125 0.04296875
0 0.028110 0.595825 0.050672 0.121654
0 0.441995 0.401454 0.028296 0.082959
