2 0.55703125 0.371875 0.11875 0.17890625
2 0.625 0.27734375 0.0859375 0.14921875
2 0.73984375 0.16328125 0.0390625 0.06875
2 0.7109375 0.1984375 0.03359375 0.078125
2 0.67109375 0.22890625 0.06015625 0.11171875
3 0.6265625 0.66875 0.06640625 0.28203125
3 0.75546875 0.58203125 0.05390625 0.2484375
3 0.32109375 0.496875 0.06171875 0.21015625
3 0.7203125 0.47890625 0.04296875 0.2
3 0.27265625 0.48359375 0.07421875 0.20859375
3 0.43671875 0.53828125 0.090625 0.25234375
3 0.73515625 0.22890625 0.021875 0.09453125
3 0.36953125 0.52265625 0.0734375 0.228125
3 0.52890625 0.60625 0.06640625 0.278125
3 0.68359375 0.5625 0.05234375 0.2375
3 0.75390625 0.2921875 0.021875 0.1171875
3 0.3234375 0.4015625 0.0453125 0.14375
3 0.36328125 0.40546875 0.0328125 0.13046875
3 0.40859375 0.42890625 0.04375 0.15546875
3 0.52109375 0.48046875 0.04296875 0.1875
3 0.57109375 0.50546875 0.0390625 0.1984375
3 0.625 0.56015625 0.0609375 0.22265625
3 0.775 0.446875 0.03203125 0.13515625
0 0.835287 0.532230 0.041606 0.168939
0 0.534910 0.580159 0.062135 0.170466
1 0.416899 0.592536 0.056304 0.146865
0 0.527271 0.431987 0.038593 0.089800
0 0.571378 0.473656 0.038922 0.100238
0 0.689161 0.525043 0.050485 0.139754
0 0.630579 0.496450 0.042389 0.087787
0 0.280674 0.460610 0.051021 0.161895
0 0.755740 0.549369 0.054938 0.161840
0 0.631766 0.625907 0.070157 0.184760
1 0.356140 0.564381 0.052776 0.147956
0 0.723930 0.440243 0.039219 0.121649
