2 0.62890625 0.65625 0.18671875 0.4
2 0.75078125 0.26796875 0.02265625 0.0953125
2 0.55 0.325 0.16953125 0.2703125
3 0.23046875 0.4859375 0.0921875 0.2
3 0.4078125 0.5625 0.0875 0.22578125
3 0.5 0.59140625 0.06875 0.19921875
3 0.57265625 0.515625 0.05859375 0.21640625
3 0.35234375 0.5375 0.078125 0.23359375
3 0.315625 0.49453125 0.0859375 0.23828125
3 0.64609375 0.37890625 0.040625 0.13671875
3 0.490625 0.453125 0.0546875 0.16328125
3 0.6109375 0.42578125 0.04609375 0.15234375
3 0.6796875 0.41875 0.04453125 0.11328125
0 0.476292 0.656235 0.041241 0.202909
0 0.227421 0.461413 0.046728 0.148889
0 0.577899 0.481850 0.054855 0.120520
0 0.501479 0.436784 0.037890 0.123898
1 0.337789 0.586702 0.050105 0.136471
1 0.407016 0.591602 0.088814 0.166737
0 0.616292 0.424280 0.038393 0.127879
0 0.350284 0.527068 0.055008 0.157254
0 0.310741 0.462951 0.062347 0.124976
0 0.648622 0.348930 0.028890 0.073050
1 0.037363 0.710440 0.074397 0.194745
0 0.409428 0.550812 0.040731 0.204748
0 0.500587 0.547421 0.053857 0.114712
1 0.567207 0.556946 0.049951 0.136984
