3 0.8921875 0.94140625 0.06015625 0.1171875
3 0.7515625 0.96171875 0.04921875 0.0765625
3 0.596875 0.95546875 0.03984375 0.08828125
3 0.53359375 0.7796875 0.02890625 0.121875
3 0.4 0.4734375 0.01640625 0.0625
3 0.35703125 0.29453125 0.00859375 0.02421875
3 0.3421875 0.26640625 0.00546875 0.01875
3 0.346875 0.26640625 0.00625 0.0203125
3 0.32109375 0.24765625 0.00546875 0.0203125
3 0.3265625 0.24375 0.00546875 0.01640625
3 0.31796875 0.22265625 0.00390625 0.01328125
3 0.5828125 0.88203125 0.0421875 0.115625
2 0.45390625 0.8359375 0.090625 0.215625
2 0.628125 0.83359375 0.11484375 0.2234375
2 0.74609375 0.871875 0.11328125 0.18125
2 0.84296875 0.95859375 0.11796875 0.0828125
2 0.48203125 0.55859375 0.0609375 0.10703125
2 0.43203125 0.4234375 0.03671875 0.06875
2 0.4125 0.34140625 0.02421875 0.03984375
2 0.34140625 0.2828125 0.01640625 0.02109375
2 0.31875 0.23671875 0.009375 0.01328125
2 0.32890625 0.2265625 0.0109375 0.0140625
2 0.3046875 0.22109375 0.00703125 0.0125
2 0.4609375 0.48046875 0.05703125 0.06640625
2 0.49765625 0.44375 0.04453125 0.065625
2 0.365625 0.403125 0.034375 0.07890625
2 0.46484375 0.38515625 0.034375 0.05703125
2 0.44609375 0.3625 0.0265625 0.0515625
3 0.4328125 0.3859375 0.01171875 0.021875
2 0.31171875 0.21484375 0.0078125 0.02109375
0 0.533849 0.749288 0.022345 0.049306
0 0.461355 0.981281 0.026817 0.036520
