2 0.70625 0.2765625 0.07265625 0.11875
2 0.59140625 0.26328125 0.11875 0.209375
3 0.68359375 0.6796875 0.0640625 0.28359375
3 0.53046875 0.56875 0.0734375 0.2546875
3 0.65546875 0.3484375 0.03671875 0.14453125
3 0.60078125 0.59140625 0.0734375 0.26328125
3 0.6765625 0.55859375 0.05390625 0.240625
3 0.48515625 0.5140625 0.0625 0.22890625
3 0.31171875 0.46953125 0.08203125 0.190625
3 0.37265625 0.440625 0.0484375 0.17109375
3 0.37890625 0.35859375 0.04375 0.08671875
3 0.56171875 0.428125 0.0421875 0.16015625
3 0.5921875 0.47578125 0.05234375 0.19609375
3 0.61328125 0.3796875 0.0375 0.140625
3 0.61953125 0.31875 0.034375 0.12265625
3 0.5078125 0.334375 0.03359375 0.0890625
2 0.4546875 0.46171875 0.19296875 0.265625
0 0.593035 0.642094 0.058218 0.163966
0 0.678537 0.490276 0.050050 0.105008
0 0.525881 0.604699 0.064843 0.177243
0 0.603998 0.561559 0.066554 0.177841
1 0.654537 0.374868 0.032684 0.094894
0 0.510037 0.321464 0.028468 0.059937
0 0.490275 0.445440 0.052025 0.122265
0 0.657725 0.326897 0.033489 0.100780
0 0.612507 0.395986 0.037463 0.095656
0 0.529955 0.505398 0.050228 0.107347
1 0.480410 0.557699 0.054758 0.144188
1 0.314756 0.493859 0.089553 0.143313
