3 0.25625 0.53828125 0.0609375 0.1046875
2 0.5421875 0.40546875 0.12109375 0.1640625
2 0.2703125 0.9203125 0.26171875 0.15859375
2 0.6921875 0.38125 0.0515625 0.09296875
2 0.7671875 0.353125 0.0375 0.06875
2 0.7234375 0.33203125 0.03671875 0.06953125
2 0.74453125 0.29453125 0.02265625 0.0453125
2 0.77109375 0.315625 0.02890625 0.046875
2 0.77578125 0.284375 0.025 0.0359375
2 0.6890625 0.31953125 0.03203125 0.05078125
2 0.61328125 0.35390625 0.0453125 0.05390625
3 0.75859375 0.4234375 0.0171875 0.08515625
3 0.70859375 0.29453125 0.009375 0.03828125
2 0.69921875 0.2828125 0.01953125 0.025
3 0.7265625 0.28359375 0.00859375 0.025
3 0.71953125 0.2828125 0.00859375 0.028125
0 0.255499 0.533419 0.033263 0.090764
1 0.758675 0.440635 0.018674 0.062705
0 0.759847 0.411763 0.023162 0.058974
1 0.256629 0.552629 0.062559 0.069352
