2 0.2296875 0.803125 0.2265625 0.215625
2 0.4859375 0.5 0.1140625 0.10234375
2 0.71875 0.4046875 0.075 0.09296875
2 0.3640625 0.46875 0.06640625 0.06640625
3 0.23671875 0.5765625 0.05390625 0.109375
3 0.27421875 0.5765625 0.05859375 0.11640625
3 0.3390625 0.51875 0.040625 0.09296875
3 0.43046875 0.48828125 0.03515625 0.08125
3 0.546875 0.4546875 0.0375 0.07265625
3 0.615625 0.4375 0.0296875 0.0734375
3 0.64453125 0.41875 0.028125 0.0671875
2 0.64765625 0.403125 0.06015625 0.06015625
2 0.84609375 0.396875 0.03359375 0.0515625
2 0.38828125 0.41328125 0.03515625 0.06015625
2 0.40703125 0.365625 0.0265625 0.0421875
2 0.3578125 0.36875 0.02734375 0.04296875
0 0.233105 0.564218 0.026730 0.081629
0 0.501532 0.441203 0.019533 0.033001
0 0.431845 0.479203 0.019884 0.060836
0 0.341771 0.431352 0.022069 0.035498
