2 0.10625 0.5890625 0.19453125 0.22578125
2 0.3390625 0.3296875 0.06484375 0.06796875
3 0.16015625 0.684375 0.0921875 0.2140625
3 0.2765625 0.725 0.10078125 0.19921875
2 0.415625 0.5453125 0.11953125 0.19921875
3 0.265625 0.5015625 0.05 0.1421875
3 0.38046875 0.45859375 0.025 0.1046875
3 0.4625 0.41015625 0.02109375 0.08984375
3 0.3984375 0.40390625 0.02578125 0.08515625
3 0.7703125 0.371875 0.0390625 0.08359375
3 0.88125 0.40390625 0.0390625 0.07578125
2 0.47421875 0.24765625 0.02578125 0.040625
2 0.5234375 0.25703125 0.021875 0.04375
3 0.49296875 0.2546875 0.0078125 0.03203125
0 0.149261 0.712898 0.062378 0.132069
1 0.261879 0.531181 0.044325 0.082896
0 0.174591 0.658001 0.052859 0.149043
