3 0.57734375 0.45859375 0.04296875 0.0765625
3 0.35859375 0.44765625 0.021875 0.0765625
3 0.2953125 0.4234375 0.0171875 0.059375
3 0.30390625 0.415625 0.015625 0.05703125
3 0.27109375 0.4078125 0.0125 0.0546875
3 0.2328125 0.41640625 0.0171875 0.0546875
3 0.20703125 0.415625 0.0140625 0.05625
3 0.17421875 0.34609375 0.00703125 0.028125
3 0.26328125 0.38671875 0.0109375 0.04296875
3 0.2859375 0.403125 0.01171875 0.05
3 0.27890625 0.38984375 0.01015625 0.04765625
3 0.23203125 0.35390625 0.0078125 0.025
2 0.19375 0.3375 0.015625 0.025
2 0.215625 0.3734375 0.02265625 0.03828125
2 0.2390625 0.38515625 0.03046875 0.04296875
0 0.372863 0.428793 0.017064 0.043131
1 0.359013 0.461677 0.019963 0.048289
0 0.359910 0.448615 0.023302 0.055731
1 0.232311 0.424869 0.014055 0.033161
0 0.271984 0.414089 0.012920 0.037665
1 0.299973 0.433313 0.021156 0.036245
1 0.207289 0.427306 0.012078 0.030160
1 0.577702 0.474141 0.038997 0.041203
1 0.294471 0.436208 0.015048 0.031890
