2 0.78984375 0.42421875 0.06484375 0.08203125
2 0.65546875 0.4671875 0.09375 0.10859375
2 0.0390625 0.646875 0.07734375 0.13828125
3 0.325 0.48515625 0.0296875 0.09296875
2 0.4171875 0.38984375 0.0453125 0.05859375
3 0.4671875 0.40078125 0.02265625 0.0515625
3 0.484375 0.40859375 0.0265625 0.0625
3 0.6078125 0.40859375 0.0296875 0.065625
3 0.709375 0.4 0.02734375 0.06640625
3 0.82890625 0.365625 0.0140625 0.0375
0 0.324610 0.480046 0.022441 0.056862
0 0.707545 0.398035 0.022161 0.047023
0 0.830883 0.368712 0.015737 0.040486
1 0.476965 0.419247 0.034904 0.037794
