3 0.6890625 0.8046875 0.084375 0.359375
3 0.71328125 0.54765625 0.0625 0.18828125
3 0.44765625 0.57109375 0.0703125 0.20703125
3 0.32890625 0.5328125 0.10234375 0.2296875
3 0.29453125 0.4640625 0.06953125 0.19609375
3 0.375 0.39296875 0.0625 0.13125
3 0.59375 0.36953125 0.0328125 0.128125
2 0.46875 0.43046875 0.16328125 0.225
2 0.59375 0.5546875 0.175 0.30390625
2 0.64609375 0.31796875 0.096875 0.15703125
2 0.740625 0.34921875 0.0796875 0.18359375
2 0.72734375 0.171875 0.053125 0.08828125
0 0.707749 0.550546 0.062495 0.159572
