2 0.5140625 0.35703125 0.11640625 0.16796875
2 0.6546875 0.4765625 0.14765625 0.284375
2 0.746875 0.16328125 0.03828125 0.0640625
2 0.63125 0.2828125 0.09453125 0.14375
2 0.70234375 0.175 0.053125 0.059375
2 0.70703125 0.24609375 0.06015625 0.10546875
3 0.60390625 0.6484375 0.0671875 0.2765625
3 0.50546875 0.646875 0.07734375 0.2890625
3 0.67890625 0.7984375 0.07734375 0.34140625
3 0.44296875 0.6015625 0.07890625 0.25859375
3 0.4140625 0.4890625 0.0609375 0.215625
3 0.328125 0.546875 0.0953125 0.22421875
3 0.75390625 0.490625 0.03984375 0.15390625
3 0.290625 0.48515625 0.0734375 0.21484375
3 0.7140625 0.61484375 0.06328125 0.2734375
3 0.35234375 0.4109375 0.06640625 0.12890625
3 0.41484375 0.37265625 0.06640625 0.14296875
3 0.48515625 0.4609375 0.0625 0.1515625
3 0.46484375 0.3203125 0.05078125 0.13828125
3 0.55546875 0.26171875 0.03359375 0.08515625
3 0.59296875 0.265625 0.03046875 0.07890625
3 0.5859375 0.24296875 0.025 0.0953125
3 0.6484375 0.34375 0.04375 0.075
3 0.75390625 0.40703125 0.03515625 0.115625
3 0.78671875 0.40390625 0.025 0.159375
3 0.73203125 0.36484375 0.02890625 0.1359375
3 0.6875 0.30625 0.03046875 0.0828125
3 0.3765625 0.453125 0.04609375 0.17109375
2 0.65703125 0.2109375 0.06171875 0.0625
0 0.566159 0.573652 0.052378 0.190884
0 0.418376 0.459715 0.052072 0.140970
1 0.433977 0.650261 0.066680 0.177333
0 0.324225 0.523089 0.057004 0.169199
0 0.450030 0.562601 0.068939 0.154338
0 0.513593 0.639170 0.076728 0.202184
0 0.619339 0.571831 0.079685 0.123750
0 0.525995 0.543640 0.050865 0.088534
