2 0.70703125 0.7390625 0.12734375 0.203125
2 0.45234375 0.465625 0.05390625 0.0890625
2 0.40625 0.57578125 0.06015625 0.11171875
2 0.521875 0.61328125 0.08125 0.146875
2 0.56171875 0.5484375 0.07265625 0.11015625
2 0.31875 0.2890625 0.028125 0.04765625
2 0.421875 0.38515625 0.05 0.0796875
2 0.3515625 0.20390625 0.0234375 0.0265625
2 0.63046875 0.83046875 0.12578125 0.23046875
2 0.440625 0.91796875 0.09765625 0.1640625
3 0.54921875 0.9296875 0.046875 0.140625
3 0.48203125 0.82890625 0.04296875 0.14296875
3 0.49765625 0.6984375 0.0328125 0.1203125
3 0.35078125 0.47734375 0.021875 0.07734375
3 0.31953125 0.42890625 0.01875 0.06875
3 0.43046875 0.3390625 0.0171875 0.05
3 0.334375 0.2421875 0.01015625 0.03984375
3 0.553125 0.4640625 0.02265625 0.0625
0 0.817375 0.720357 0.027242 0.094313
0 0.281211 0.683256 0.035405 0.089351
0 0.228829 0.971346 0.027793 0.056467
0 0.348312 0.468782 0.019747 0.056072
