3 0.39375 0.28671875 0.021875 0.06953125
3 0.36640625 0.2875 0.021875 0.075
3 0.346875 0.28515625 0.0234375 0.0703125
3 0.33515625 0.3546875 0.02734375 0.08125
3 0.453125 0.54453125 0.0625 0.14296875
3 0.46171875 0.68203125 0.065625 0.18359375
3 0.5765625 0.90703125 0.09765625 0.1859375
3 0.9546875 0.40234375 0.02265625 0.065625
3 0.88203125 0.4953125 0.053125 0.11328125
3 0.865625 0.58984375 0.04296875 0.13515625
3 0.9234375 0.796875 0.0828125 0.196875
2 0.834375 0.9140625 0.2703125 0.171875
0 0.883989 0.479604 0.021696 0.065771
