2 0.328125 0.51640625 0.16328125 0.15078125
2 0.26015625 0.59453125 0.1640625 0.15859375
2 0.23671875 0.384375 0.0296875 0.04296875
2 0.215625 0.37421875 0.02265625 0.0390625
3 0.28671875 0.3953125 0.015625 0.05703125
3 0.2703125 0.39375 0.00859375 0.05
3 0.259375 0.39609375 0.01640625 0.05
3 0.26015625 0.37265625 0.01015625 0.0234375
3 0.234375 0.40078125 0.01484375 0.0515625
3 0.2296875 0.3953125 0.0125 0.04765625
3 0.19375 0.3546875 0.00859375 0.028125
3 0.75390625 0.48359375 0.03671875 0.071875
1 0.288046 0.406483 0.014383 0.030763
0 0.261021 0.402125 0.014184 0.036050
1 0.232533 0.411339 0.016616 0.029755
