3 0.325 0.52734375 0.09609375 0.21484375
3 0.290625 0.471875 0.065625 0.19140625
3 0.371875 0.39140625 0.053125 0.115625
3 0.58671875 0.3171875 0.028125 0.13125
3 0.6828125 0.21796875 0.02265625 0.08046875
3 0.7109375 0.56328125 0.06953125 0.20078125
3 0.6921875 0.7875 0.084375 0.346875
2 0.590625 0.54609375 0.15703125 0.30234375
2 0.47421875 0.425 0.1671875 0.20859375
2 0.6546875 0.31953125 0.09453125 0.1515625
0 0.684753 0.764310 0.112610 0.306948
0 0.709406 0.527125 0.047663 0.107982
0 0.681802 0.222778 0.017866 0.044689
