2 0.384375 0.4375 0.1015625 0.17578125
2 0.7328125 0.38203125 0.115625 0.1125
3 0.56484375 0.42578125 0.04453125 0.13359375
3 0.465625 0.3734375 0.03359375 0.0671875
3 0.4640625 0.30078125 0.028125 0.0578125
3 0.43125 0.3484375 0.02890625 0.065625
3 0.3953125 0.28203125 0.01796875 0.0640625
3 0.41875 0.29453125 0.034375 0.071875
3 0.37578125 0.2921875 0.02578125 0.0671875
3 0.3890625 0.35703125 0.02578125 0.0640625
3 0.9796875 0.41953125 0.0234375 0.0515625
3 0.83125 0.384375 0.05 0.05390625
0 0.561749 0.416269 0.033681 0.088445
