2 0.61171875 0.5109375 0.17109375 0.31796875
2 0.44296875 0.440625 0.17734375 0.26328125
2 0.58671875 0.31171875 0.10859375 0.15859375
2 0.6625 0.2421875 0.06484375 0.13046875
2 0.7140625 0.20390625 0.04765625 0.09375
3 0.66328125 0.70859375 0.07421875 0.334375
3 0.71171875 0.32421875 0.03984375 0.13125
3 0.4546875 0.56015625 0.07265625 0.2328125
3 0.28046875 0.4671875 0.08359375 0.21328125
3 0.35703125 0.4140625 0.06328125 0.16328125
3 0.4171875 0.33828125 0.03203125 0.0921875
3 0.48359375 0.2859375 0.03515625 0.0671875
3 0.521875 0.28515625 0.0390625 0.10234375
0 0.712677 0.318033 0.038495 0.119108
0 0.358649 0.393412 0.029096 0.128170
0 0.276537 0.448437 0.053260 0.170173
1 0.345520 0.443392 0.044477 0.099632
1 0.454629 0.593846 0.073973 0.165722
