3 0.89609375 0.78515625 0.0859375 0.19453125
3 0.18515625 0.36484375 0.009375 0.03984375
3 0.21796875 0.440625 0.02265625 0.07109375
3 0.28984375 0.40546875 0.0109375 0.05390625
3 0.3140625 0.41328125 0.01171875 0.05546875
3 0.33046875 0.4453125 0.01796875 0.0734375
3 0.33515625 0.43515625 0.0140625 0.06484375
3 0.3703125 0.44375 0.01953125 0.07265625
3 0.4078125 0.496875 0.02890625 0.09375
3 0.39609375 0.46015625 0.025 0.071875
3 0.83984375 0.48125 0.03046875 0.065625
2 0.25703125 0.39921875 0.03515625 0.04921875
2 0.2171875 0.37578125 0.02578125 0.0390625
2 0.2078125 0.346875 0.01875 0.02734375
0 0.215619 0.438834 0.022420 0.058563
1 0.406987 0.513243 0.029863 0.060402
0 0.331123 0.440925 0.021561 0.068187
1 0.217444 0.455478 0.016960 0.037948
1 0.431693 0.470211 0.023156 0.039556
0 0.404309 0.489107 0.031004 0.084496
1 0.332633 0.458525 0.018172 0.043624
0 0.433248 0.448994 0.027651 0.059921
0 0.289871 0.410682 0.011876 0.032071
0 0.367367 0.438047 0.018207 0.050527
1 0.370322 0.457976 0.016310 0.035250
0 0.899687 0.777120 0.044238 0.115211
0 0.183297 0.365206 0.013721 0.032980
0 0.313651 0.415539 0.015407 0.039964
