2 0.35546875 0.5515625 0.109375 0.13828125
3 0.21328125 0.546875 0.02890625 0.1203125
3 0.71796875 0.54609375 0.0265625 0.09765625
3 0.24140625 0.42734375 0.015625 0.0671875
3 0.28984375 0.4 0.0109375 0.059375
3 0.25390625 0.39453125 0.0125 0.0484375
3 0.21640625 0.440625 0.01484375 0.06484375
3 0.190625 0.4328125 0.015625 0.0640625
3 0.16875 0.4015625 0.01171875 0.05
3 0.20703125 0.38984375 0.00859375 0.04921875
3 0.221875 0.4 0.009375 0.0453125
3 0.1890625 0.39296875 0.0109375 0.04296875
3 0.18125 0.38046875 0.01015625 0.040625
3 0.1703125 0.35703125 0.00703125 0.028125
0 0.191982 0.431669 0.015767 0.058914
0 0.241503 0.414537 0.013874 0.033174
0 0.716670 0.515121 0.024122 0.037356
