2 0.71328125 0.4515625 0.12734375 0.253125
2 0.66640625 0.21328125 0.05859375 0.10703125
2 0.45 0.34375 0.28046875 0.41328125
3 0.49140625 0.50078125 0.0625 0.2015625
3 0.6015625 0.86484375 0.09921875 0.26796875
3 0.7140625 0.70078125 0.0625 0.278125
3 0.60703125 0.6703125 0.06484375 0.27578125
3 0.68515625 0.35703125 0.03984375 0.1359375
3 0.27734375 0.45234375 0.08671875 0.18984375
2 0.58203125 0.4 0.1421875 0.24296875
2 0.7484375 0.29609375 0.06953125 0.109375
2 0.7203125 0.18046875 0.0484375 0.06640625
3 0.66171875 0.3140625 0.03046875 0.11171875
3 0.77734375 0.56640625 0.06640625 0.24765625
3 0.8015625 0.4328125 0.0421875 0.15078125
2 0.60859375 0.228125 0.06328125 0.1109375
0 0.845541 0.509639 0.041595 0.162795
0 0.488833 0.498658 0.047375 0.190790
0 0.598984 0.831940 0.092461 0.187811
0 0.270397 0.448687 0.052427 0.160716
1 0.491107 0.532407 0.064645 0.133763
1 0.601778 0.921382 0.102951 0.156376
1 0.275396 0.502931 0.081575 0.117642
