3 0.29375 0.40546875 0.01640625 0.0484375
3 0.26328125 0.4515625 0.04296875 0.0703125
3 0.21328125 0.409375 0.01640625 0.05546875
3 0.2 0.396875 0.01328125 0.04765625
3 0.18125 0.3984375 0.01640625 0.05
3 0.16328125 0.36328125 0.01015625 0.034375
3 0.84375 0.478125 0.02109375 0.059375
2 0.63203125 0.80390625 0.240625 0.28203125
2 0.371875 0.52265625 0.10234375 0.1296875
2 0.240625 0.39140625 0.03515625 0.06171875
2 0.19296875 0.353125 0.01953125 0.03828125
2 0.26875 0.60390625 0.1515625 0.2609375
2 0.2203125 0.35390625 0.0453125 0.08125
2 0.21640625 0.334375 0.03984375 0.05703125
0 0.293080 0.402145 0.016233 0.046356
0 0.181627 0.406309 0.013572 0.034763
