3 0.3140625 0.471875 0.04921875 0.09140625
3 0.215625 0.48125 0.05625 0.075
3 0.2875 0.39609375 0.0140625 0.0546875
3 0.2703125 0.39375 0.0140625 0.05390625
3 0.259375 0.4 0.01328125 0.05625
3 0.23515625 0.40078125 0.01484375 0.05234375
3 0.215625 0.3890625 0.009375 0.04296875
2 0.21640625 0.375 0.02265625 0.0390625
2 0.23671875 0.38359375 0.03046875 0.0421875
1 0.718846 0.492300 0.043551 0.038633
0 0.310350 0.469042 0.025914 0.059320
0 0.297949 0.452921 0.020418 0.036699
0 0.288547 0.404771 0.014228 0.033261
