2 0.48984375 0.7203125 0.2375 0.46875
2 0.7078125 0.31640625 0.09140625 0.16015625
3 0.5703125 0.3703125 0.040625 0.165625
3 0.7078125 0.56015625 0.05 0.23359375
3 0.7765625 0.37734375 0.02734375 0.103125
3 0.746875 0.44921875 0.0375 0.184375
1 0.710324 0.599245 0.055717 0.152872
0 0.707222 0.531064 0.060434 0.181608
1 0.013473 0.931715 0.026686 0.135775
0 0.571719 0.355845 0.038495 0.118641
1 0.570723 0.403173 0.039990 0.099167
1 0.748073 0.476031 0.040046 0.117815
0 0.750466 0.403901 0.040871 0.067022
