3 0.38515625 0.85390625 0.02890625 0.140625
3 0.40625 0.921875 0.0296875 0.14453125
3 0.4484375 0.9703125 0.0328125 0.059375
3 0.44921875 0.8984375 0.03203125 0.1375
3 0.8828125 0.9421875 0.06171875 0.115625
3 0.82421875 0.9015625 0.0484375 0.14140625
3 0.76484375 0.825 0.0390625 0.07265625
3 0.7375 0.7890625 0.04140625 0.103125
3 0.76171875 0.7734375 0.0390625 0.10234375
3 0.68984375 0.8703125 0.0390625 0.13125
3 0.63203125 0.78359375 0.03046875 0.07890625
3 0.590625 0.7125 0.03125 0.1109375
3 0.67421875 0.6703125 0.03125 0.09609375
3 0.5953125 0.58515625 0.01875 0.04765625
3 0.5578125 0.528125 0.02109375 0.07578125
3 0.3671875 0.6046875 0.021875 0.08203125
3 0.44609375 0.47890625 0.0140625 0.06171875
3 0.4328125 0.4328125 0.0140625 0.05078125
3 0.353125 0.42890625 0.01328125 0.05390625
3 0.3828125 0.3859375 0.01171875 0.0421875
3 0.39375 0.34140625 0.009375 0.034375
3 0.36796875 0.3046875 0.00703125 0.025
3 0.48984375 0.4375 0.0140625 0.034375
2 0.52734375 0.9265625 0.0984375 0.14609375
2 0.4703125 0.77890625 0.08046875 0.171875
2 0.6078125 0.88125 0.1421875 0.23515625
2 0.7125 0.9625 0.11015625 0.07421875
2 0.78515625 0.91171875 0.13046875 0.17578125
2 0.5515625 0.728125 0.08046875 0.13984375
2 0.659375 0.74296875 0.1015625 0.1703125
2 0.58125 0.6265625 0.0765625 0.1265625
2 0.49140625 0.48828125 0.05859375 0.08828125
2 0.384375 0.353125 0.02421875 0.0453125
2 0.3625 0.334375 0.0234375 0.04609375
2 0.3453125 0.30859375 0.01640625 0.03515625
2 0.3859375 0.29765625 0.0171875 0.02734375
2 0.403125 0.31953125 0.0203125 0.03515625
2 0.41328125 0.3390625 0.02578125 0.03828125
2 0.4765625 0.3984375 0.0359375 0.06328125
2 0.453125 0.36875 0.03203125 0.06328125
0 0.352998 0.426591 0.012667 0.037127
0 0.633696 0.778161 0.028252 0.057791
0 0.431948 0.430606 0.013348 0.046733
0 0.367559 0.615635 0.016033 0.033485
0 0.866142 0.929700 0.027098 0.083644
0 0.325562 0.626632 0.018437 0.038605
1 0.559132 0.528722 0.024449 0.064069
