2 0.634375 0.6140625 0.0921875 0.13671875
2 0.5234375 0.6625 0.0890625 0.16328125
2 0.40078125 0.35390625 0.03984375 0.06953125
2 0.5625 0.9296875 0.125 0.140625
2 0.828125 0.94765625 0.13671875 0.1046875
2 0.47421875 0.40078125 0.053125 0.08515625
2 0.31640625 0.29296875 0.028125 0.059375
3 0.734375 0.7765625 0.05 0.13984375
3 0.5125 0.49375 0.02421875 0.084375
3 0.3359375 0.25703125 0.015625 0.04140625
3 0.30859375 0.25546875 0.01015625 0.028125
2 0.3125 0.19765625 0.01953125 0.03125
0 0.731695 0.759131 0.039592 0.091319
0 0.912998 0.779981 0.022010 0.058443
1 0.511699 0.488160 0.026130 0.072125
