3 0.228125 0.5546875 0.06328125 0.11640625
3 0.59921875 0.41328125 0.021875 0.09140625
3 0.75546875 0.3703125 0.01640625 0.0734375
3 0.74140625 0.32421875 0.0125 0.05
3 0.665625 0.33203125 0.01171875 0.053125
2 0.503125 0.43125 0.10234375 0.09765625
2 0.60625 0.35703125 0.05234375 0.0546875
2 0.6984375 0.31875 0.03203125 0.04140625
2 0.728125 0.27734375 0.01953125 0.03046875
2 0.7796875 0.2796875 0.01875 0.03671875
0 0.599138 0.407780 0.025297 0.063148
0 0.216574 0.549329 0.031246 0.074220
0 0.236640 0.556925 0.024655 0.059127
0 0.665683 0.319316 0.012788 0.026849
0 0.755318 0.352966 0.017451 0.030589
1 0.754630 0.386532 0.015370 0.044292
