2 0.87734375 0.40546875 0.09296875 0.11953125
2 0.36484375 0.28828125 0.0546875 0.059375
2 0.35546875 0.2296875 0.0328125 0.0453125
3 0.63515625 0.48828125 0.06640625 0.11484375
3 0.71640625 0.4578125 0.0546875 0.07734375
3 0.69921875 0.41171875 0.0546875 0.08125
3 0.80234375 0.38984375 0.03125 0.071875
3 0.246875 0.5609375 0.0640625 0.11328125
3 0.34765625 0.42890625 0.0390625 0.09609375
3 0.4265625 0.30078125 0.01796875 0.06953125
3 0.3265625 0.30234375 0.015625 0.05
3 0.30546875 0.284375 0.0109375 0.04296875
2 0.28984375 0.215625 0.02265625 0.053125
0 0.635818 0.474453 0.048246 0.085504
0 0.704616 0.428317 0.042957 0.079407
0 0.802903 0.391918 0.033473 0.040732
0 0.424231 0.295701 0.016342 0.041803
