2 0.49765625 0.53203125 0.07109375 0.12109375
2 0.3921875 0.57890625 0.0546875 0.11875
3 0.46875 0.928125 0.04296875 0.14296875
3 0.3578125 0.65078125 0.02265625 0.1015625
3 0.3859375 0.77421875 0.0328125 0.12421875
3 0.421875 0.8015625 0.0328125 0.1265625
3 0.45546875 0.753125 0.028125 0.12265625
2 0.559375 0.8875 0.13046875 0.225
2 0.67578125 0.8953125 0.1328125 0.209375
2 0.315625 0.2640625 0.02421875 0.04296875
2 0.30546875 0.22421875 0.02109375 0.034375
3 0.43046875 0.36171875 0.01484375 0.05546875
3 0.44609375 0.3390625 0.01328125 0.0546875
3 0.4109375 0.31328125 0.01328125 0.04453125
3 0.3890625 0.32734375 0.01484375 0.04921875
3 0.35078125 0.303125 0.0125 0.04609375
3 0.37109375 0.25859375 0.01328125 0.03828125
3 0.34296875 0.25390625 0.01015625 0.034375
3 0.3484375 0.24296875 0.01015625 0.03515625
3 0.33359375 0.22890625 0.01015625 0.03359375
0 0.360659 0.917372 0.028050 0.115010
0 0.470266 0.937930 0.035143 0.107797
0 0.410742 0.315193 0.013881 0.039813
0 0.421865 0.792344 0.032276 0.107712
0 0.454255 0.717255 0.027105 0.051740
1 0.456713 0.773648 0.021184 0.077913
1 0.359635 0.670238 0.018396 0.060279
0 0.445054 0.340390 0.014113 0.045638
0 0.391062 0.334481 0.013634 0.031491
0 0.386589 0.733554 0.027588 0.039839
0 0.387055 0.751404 0.030131 0.075753
1 0.423377 0.824722 0.027569 0.078006
1 0.387123 0.794057 0.028955 0.081098
0 0.431293 0.371887 0.013580 0.032156
1 0.470218 0.971036 0.033893 0.057107
