2 0.65390625 0.4484375 0.14453125 0.246875
2 0.41328125 0.38046875 0.159375 0.21015625
2 0.7296875 0.32421875 0.0828125 0.1640625
2 0.55625 0.31484375 0.1 0.13359375
2 0.68203125 0.215625 0.05390625 0.09921875
2 0.73125 0.1609375 0.0453125 0.07421875
3 0.6125 0.703125 0.07109375 0.2828125
3 0.55703125 0.63203125 0.07109375 0.278125
3 0.28984375 0.48125 0.07890625 0.196875
3 0.67421875 0.57578125 0.05546875 0.246875
3 0.746875 0.6 0.06015625 0.2265625
3 0.421875 0.55234375 0.075 0.21875
3 0.36171875 0.525 0.06484375 0.22734375
2 0.621875 0.2484375 0.071875 0.13203125
3 0.471875 0.44609375 0.05546875 0.18515625
3 0.5046875 0.39609375 0.04609375 0.15546875
3 0.5578125 0.3734375 0.0375 0.15078125
3 0.590625 0.3359375 0.03125 0.13203125
3 0.76484375 0.4921875 0.04453125 0.184375
3 0.79453125 0.3984375 0.0421875 0.14765625
0 0.614719 0.676846 0.073142 0.233858
0 0.674590 0.550412 0.056505 0.197953
0 0.281907 0.475471 0.052910 0.186456
0 0.557421 0.578198 0.068463 0.172101
0 0.766427 0.470119 0.044140 0.130354
0 0.740474 0.588474 0.080475 0.212887
0 0.670747 0.305725 0.021323 0.054138
