2 0.65390625 0.24453125 0.07109375 0.11171875
2 0.4640625 0.41328125 0.13828125 0.20078125
2 0.70703125 0.18125 0.04765625 0.0765625
3 0.58515625 0.66328125 0.0890625 0.3015625
3 0.609375 0.35546875 0.03515625 0.15078125
3 0.5046875 0.52421875 0.05546875 0.2234375
3 0.4109375 0.55859375 0.08203125 0.23828125
3 0.759375 0.18671875 0.01953125 0.0703125
1 0.303995 0.529161 0.055780 0.100776
1 0.504517 0.566823 0.057444 0.141673
0 0.508230 0.512742 0.043484 0.166992
0 0.309025 0.459933 0.039781 0.128383
0 0.583864 0.652905 0.082348 0.272439
1 0.581148 0.723574 0.066811 0.188306
