2 0.63046875 0.47578125 0.14296875 0.24296875
2 0.6125 0.28203125 0.09375 0.13359375
2 0.7171875 0.3203125 0.08046875 0.13359375
2 0.4875 0.36328125 0.15078125 0.203125
2 0.659375 0.221875 0.065625 0.10390625
3 0.53671875 0.6640625 0.071875 0.2921875
3 0.76484375 0.63828125 0.065625 0.29609375
3 0.70703125 0.5578125 0.0609375 0.24140625
3 0.2671875 0.48125 0.08359375 0.2125
3 0.6296875 0.67421875 0.08515625 0.31796875
3 0.34765625 0.46953125 0.07578125 0.19609375
3 0.78359375 0.50625 0.05 0.1875
3 0.725 0.44609375 0.04375 0.1265625
0 0.540136 0.656957 0.071242 0.277847
1 0.638682 0.737627 0.073479 0.247853
1 0.535828 0.714209 0.071768 0.220637
1 0.250866 0.514955 0.051549 0.141628
1 0.319067 0.479194 0.071711 0.178349
