3 0.8640625 0.94609375 0.06015625 0.1078125
3 0.5453125 0.91171875 0.03671875 0.14296875
3 0.37109375 0.65546875 0.02109375 0.090625
3 0.4203125 0.4046875 0.01015625 0.04453125
3 0.37265625 0.38515625 0.01015625 0.04453125
3 0.3890625 0.35625 0.0109375 0.03984375
3 0.35703125 0.31875 0.0078125 0.02890625
3 0.34921875 0.28125 0.0046875 0.02265625
3 0.34140625 0.2671875 0.00625 0.0203125
3 0.33671875 0.24375 0.0046875 0.01640625
3 0.33046875 0.24140625 0.0046875 0.015625
2 0.71953125 0.91953125 0.13984375 0.16015625
2 0.71875 0.8078125 0.1078125 0.17421875
2 0.61015625 0.76171875 0.09765625 0.18828125
2 0.45 0.83046875 0.0875 0.19609375
2 0.496875 0.4453125 0.0421875 0.06796875
2 0.4625 0.38515625 0.0296875 0.05859375
2 0.446875 0.365625 0.02734375 0.05703125
2 0.41171875 0.34296875 0.02421875 0.040625
2 0.3296875 0.2953125 0.01875 0.03359375
2 0.3171875 0.2453125 0.0125 0.01953125
0 0.156761 0.900387 0.034289 0.068288
0 0.878543 0.975583 0.024048 0.047970
0 0.939419 0.980191 0.028725 0.038681
0 0.368952 0.631943 0.021658 0.038585
0 0.860695 0.947372 0.039275 0.103414
