2 0.72421875 0.32734375 0.07265625 0.153125
2 0.5953125 0.28125 0.08046875 0.134375
2 0.65234375 0.2359375 0.05859375 0.09921875
2 0.509375 0.3453125 0.11796875 0.17421875
2 0.64375 0.47890625 0.171875 0.33125
2 0.70390625 0.15234375 0.07578125 0.15859375
3 0.4875 0.625 0.0609375 0.30859375
3 0.55625 0.459375 0.05390625 0.19453125
3 0.67734375 0.73515625 0.1015625 0.33359375
3 0.75 0.6375 0.053125 0.27109375
3 0.42109375 0.57109375 0.07265625 0.24375
3 0.30703125 0.509375 0.06640625 0.20546875
3 0.5203125 0.41640625 0.0484375 0.18203125
3 0.26484375 0.46796875 0.07890625 0.18828125
3 0.7390625 0.1984375 0.0203125 0.07890625
3 0.7953125 0.43984375 0.05078125 0.1765625
3 0.7375 0.528125 0.0515625 0.18828125
3 0.753125 0.40234375 0.04609375 0.146875
3 0.3578125 0.52421875 0.07734375 0.225
3 0.37421875 0.43125 0.08046875 0.1484375
3 0.4328125 0.4375 0.0609375 0.16015625
3 0.4671875 0.46640625 0.0546875 0.19609375
0 0.678307 0.737481 0.086341 0.235453
1 0.416114 0.614150 0.066063 0.159761
0 0.376649 0.402254 0.023061 0.087984
0 0.491271 0.558018 0.043406 0.081708
0 0.703620 0.630136 0.053964 0.119159
0 0.263023 0.451497 0.062921 0.156158
0 0.738943 0.486828 0.050333 0.073853
