2 0.5828125 0.30390625 0.09453125 0.1484375
2 0.65703125 0.240625 0.065625 0.10390625
2 0.4609375 0.39921875 0.17265625 0.24453125
2 0.73125 0.1625 0.04375 0.06953125
3 0.6046875 0.6765625 0.0671875 0.28984375
3 0.42265625 0.53046875 0.07734375 0.22734375
3 0.6640625 0.53515625 0.0578125 0.23359375
3 0.27578125 0.4796875 0.08046875 0.2109375
3 0.675 0.39296875 0.04140625 0.14453125
3 0.74609375 0.19765625 0.02109375 0.10078125
3 0.340625 0.41953125 0.06328125 0.16171875
3 0.38828125 0.36875 0.0453125 0.13046875
3 0.7640625 0.17265625 0.01015625 0.06171875
0 0.273231 0.483788 0.046871 0.180872
1 0.417537 0.572783 0.065865 0.155941
0 0.667380 0.472802 0.047087 0.080722
0 0.609689 0.598230 0.062003 0.134075
