2 0.70625 0.30625 0.11796875 0.25546875
3 0.68984375 0.60546875 0.06015625 0.24921875
3 0.63046875 0.51875 0.05078125 0.20703125
3 0.45625 0.57265625 0.0796875 0.2296875
3 0.7265625 0.4515625 0.0421875 0.16640625
3 0.66171875 0.8765625 0.09609375 0.2453125
2 0.27265625 0.834375 0.4453125 0.33125
3 0.77421875 0.50390625 0.0421875 0.2078125
3 0.78359375 0.37890625 0.0296875 0.11171875
2 0.75625 0.13828125 0.03515625 0.06640625
1 0.689590 0.650522 0.056709 0.159845
0 0.629786 0.486877 0.049783 0.143012
0 0.693693 0.535035 0.053563 0.098061
0 0.659717 0.864358 0.081861 0.218406
