2 0.67109375 0.45703125 0.1515625 0.2796875
2 0.13359375 0.67734375 0.2671875 0.3734375
3 0.55625 0.47578125 0.0578125 0.19296875
3 0.2734375 0.675 0.10703125 0.3171875
3 0.58046875 0.86953125 0.09140625 0.25703125
3 0.725 0.6203125 0.07734375 0.2875
3 0.421875 0.76015625 0.09453125 0.37578125
3 0.0875 0.865625 0.17421875 0.26796875
3 0.63671875 0.228125 0.02421875 0.08984375
3 0.7125 0.27734375 0.03359375 0.09453125
3 0.65859375 0.334375 0.04453125 0.11796875
1 0.457716 0.503620 0.050184 0.125896
0 0.713261 0.285255 0.030157 0.083682
0 0.728654 0.577653 0.070538 0.201289
0 0.044304 0.808518 0.086893 0.149953
1 0.273516 0.676034 0.105088 0.317584
1 0.721006 0.654205 0.069382 0.199684
0 0.594313 0.944778 0.098905 0.109615
0 0.631784 0.246670 0.017522 0.052319
