2 0.48671875 0.465625 0.17734375 0.27578125
2 0.565625 0.2890625 0.10859375 0.12890625
2 0.66328125 0.240625 0.06953125 0.09609375
2 0.70625 0.2 0.0515625 0.08515625
3 0.59296875 0.659375 0.06328125 0.328125
3 0.54765625 0.57109375 0.06640625 0.3
3 0.65 0.52109375 0.046875 0.22890625
3 0.6921875 0.634375 0.0546875 0.31015625
3 0.765625 0.53515625 0.0578125 0.24375
3 0.6078125 0.3875 0.04296875 0.1515625
3 0.64921875 0.34765625 0.03671875 0.14375
3 0.3265625 0.47109375 0.071875 0.21015625
3 0.39140625 0.46796875 0.06328125 0.21484375
3 0.38125 0.3515625 0.05625 0.1328125
0 0.651646 0.469808 0.048848 0.107307
0 0.592875 0.603694 0.065154 0.202099
