2 0.57890625 0.28125 0.09921875 0.153125
2 0.63828125 0.471875 0.14921875 0.28828125
3 0.30390625 0.6359375 0.103125 0.2875
3 0.590625 0.803125 0.0984375 0.35625
3 0.72578125 0.475 0.053125 0.21328125
3 0.3984375 0.7296875 0.08671875 0.32109375
3 0.03203125 0.6640625 0.06328125 0.23984375
3 0.55703125 0.4578125 0.046875 0.18671875
3 0.71953125 0.80234375 0.08125 0.3671875
3 0.49453125 0.6671875 0.09140625 0.32734375
3 0.2109375 0.896875 0.1625 0.20625
3 0.51171875 0.49140625 0.05234375 0.1375
3 0.7734375 0.65390625 0.059375 0.2703125
3 0.79296875 0.51796875 0.05234375 0.190625
3 0.60703125 0.37734375 0.0328125 0.10234375
3 0.7515625 0.41953125 0.0296875 0.1703125
3 0.64765625 0.3171875 0.0296875 0.05078125
3 0.66640625 0.29140625 0.02734375 0.08125
3 0.6921875 0.27890625 0.025 0.10859375
3 0.77734375 0.37890625 0.034375 0.1171875
2 0.725 0.32421875 0.08359375 0.17109375
0 0.564085 0.427428 0.034897 0.088731
0 0.504338 0.831954 0.110609 0.094397
1 0.032155 0.720205 0.062801 0.126021
1 0.395269 0.746255 0.105055 0.336485
1 0.290937 0.692893 0.077177 0.175101
