2 0.1734375 0.32421875 0.0140625 0.01796875
2 0.21640625 0.37421875 0.025 0.03828125
2 0.2375 0.384375 0.03125 0.0421875
3 0.19296875 0.3375 0.00625 0.021875
3 0.234375 0.40078125 0.015625 0.04921875
3 0.22890625 0.3953125 0.0109375 0.04296875
3 0.26015625 0.396875 0.01640625 0.04765625
3 0.2546875 0.39296875 0.01171875 0.04609375
3 0.26953125 0.39296875 0.01328125 0.04453125
3 0.2859375 0.396875 0.01484375 0.05078125
3 0.309375 0.4015625 0.0109375 0.053125
3 0.5609375 0.634375 0.0828125 0.14453125
0 0.559056 0.626784 0.040675 0.118428
1 0.560588 0.661223 0.078802 0.084343
1 0.288222 0.406860 0.012887 0.030715
0 0.309652 0.408611 0.012721 0.035670
1 0.232895 0.408666 0.016901 0.033905
0 0.318036 0.407411 0.012589 0.041255
0 0.257384 0.399838 0.017368 0.039401
