2 0.4625 0.91875 0.10078125 0.1625
2 0.59375 0.809375 0.1 0.20234375
2 0.4875 0.71484375 0.07109375 0.15859375
2 0.50390625 0.55859375 0.05859375 0.10625
3 0.778125 0.9703125 0.05703125 0.059375
3 0.775 0.853125 0.04921875 0.13984375
2 0.60234375 0.68203125 0.0984375 0.17265625
2 0.475 0.4 0.03359375 0.06640625
2 0.45234375 0.36875 0.02890625 0.0640625
2 0.44140625 0.43359375 0.0375 0.06640625
2 0.396875 0.45078125 0.0359375 0.06953125
2 0.37578125 0.3875 0.02890625 0.05546875
2 0.41015625 0.375 0.03125 0.0515625
2 0.390625 0.35078125 0.025 0.034375
2 0.36875 0.3203125 0.01953125 0.03515625
2 0.35859375 0.3046875 0.0171875 0.02734375
2 0.40390625 0.32109375 0.02265625 0.0359375
2 0.38515625 0.296875 0.01640625 0.02421875
3 0.3890625 0.32265625 0.00859375 0.02265625
3 0.3828125 0.315625 0.00859375 0.02734375
3 0.37578125 0.29921875 0.00546875 0.01875
1 0.774842 0.838034 0.063789 0.159332
0 0.774377 0.973442 0.046451 0.052453
1 0.701737 0.993044 0.052392 0.013184
