2 0.58828125 0.58203125 0.221875 0.39375
2 0.63984375 0.24921875 0.08671875 0.1265625
2 0.43984375 0.44140625 0.1796875 0.2453125
3 0.7453125 0.51171875 0.04375 0.196875
3 0.69609375 0.58984375 0.05625 0.2390625
3 0.65 0.36875 0.04921875 0.090625
3 0.76640625 0.41015625 0.03984375 0.16953125
2 0.709375 0.33984375 0.096875 0.19296875
2 0.74140625 0.2546875 0.04453125 0.07421875
2 0.7546875 0.1484375 0.0296875 0.05234375
0 0.700083 0.584624 0.055683 0.228231
1 0.689566 0.630880 0.052951 0.154855
0 0.771631 0.381860 0.044408 0.108547
0 0.747955 0.487291 0.046022 0.146066
