2 0.584375 0.54375 0.20703125 0.3703125
2 0.4265625 0.4546875 0.23046875 0.3015625
2 0.64765625 0.2546875 0.06875 0.1109375
2 0.69296875 0.3890625 0.09765625 0.1859375
3 0.72578125 0.7796875 0.08515625 0.328125
3 0.45546875 0.60625 0.07109375 0.2359375
3 0.6078125 0.76640625 0.109375 0.34140625
3 0.31015625 0.6625 0.09140625 0.31171875
3 0.7703125 0.55234375 0.04453125 0.24453125
3 0.52421875 0.47578125 0.05234375 0.13203125
3 0.2640625 0.48359375 0.0796875 0.21953125
3 0.759375 0.46015625 0.04609375 0.15546875
3 0.715625 0.634375 0.0671875 0.27265625
3 0.71015625 0.55 0.053125 0.2265625
3 0.759375 0.39609375 0.03515625 0.1296875
3 0.784375 0.37734375 0.02109375 0.10234375
3 0.44296875 0.5375 0.0609375 0.23125
3 0.36484375 0.37578125 0.0390625 0.09453125
3 0.47890625 0.28671875 0.0421875 0.0671875
3 0.525 0.44296875 0.05078125 0.175
3 0.60390625 0.33828125 0.0359375 0.06875
3 0.521875 0.26484375 0.028125 0.07421875
3 0.70390625 0.25703125 0.0234375 0.07890625
3 0.7265625 0.25234375 0.02265625 0.090625
3 0.60234375 0.21640625 0.0203125 0.04921875
3 0.6265625 0.20625 0.01796875 0.0625
3 0.66484375 0.17734375 0.01640625 0.04453125
2 0.69609375 0.19375 0.05859375 0.08203125
2 0.5625 0.31875 0.11171875 0.190625
2 0.74453125 0.29140625 0.0546875 0.1453125
0 0.618617 0.735056 0.077220 0.224612
1 0.444258 0.639902 0.063881 0.173243
0 0.732647 0.738469 0.075056 0.224101
1 0.262823 0.521997 0.079459 0.142456
1 0.169657 0.759184 0.051086 0.065924
0 0.278740 0.451170 0.050754 0.151262
0 0.481399 0.282329 0.034744 0.063897
0 0.763027 0.442754 0.051018 0.121193
0 0.328891 0.677094 0.051927 0.206099
0 0.452625 0.580872 0.076083 0.185083
