2 0.440625 0.42109375 0.17890625 0.2640625
2 0.62578125 0.50078125 0.1734375 0.30859375
2 0.63671875 0.2453125 0.07109375 0.109375
2 0.71015625 0.34296875 0.08671875 0.15390625
3 0.7375 0.60859375 0.0625 0.2609375
3 0.559375 0.7953125 0.08359375 0.33671875
3 0.703125 0.23515625 0.02421875 0.09609375
3 0.68046875 0.72734375 0.075 0.31953125
3 0.59765625 0.3671875 0.05 0.1546875
3 0.76328125 0.43515625 0.03515625 0.15703125
3 0.75703125 0.3671875 0.034375 0.09375
3 0.70234375 0.1703125 0.0171875 0.05859375
0 0.683583 0.680718 0.069925 0.221090
0 0.766725 0.412530 0.046443 0.115259
0 0.745592 0.496175 0.044560 0.064818
0 0.751315 0.466599 0.049377 0.089696
