2 0.2 0.340625 0.0171875 0.0265625
2 0.215625 0.37421875 0.025 0.03828125
2 0.24453125 0.390625 0.03359375 0.0453125
3 0.72890625 0.4765625 0.040625 0.071875
3 0.4890625 0.53125 0.04375 0.11640625
3 0.17421875 0.43984375 0.021875 0.0671875
3 0.228125 0.42421875 0.01796875 0.0640625
3 0.178125 0.35390625 0.00859375 0.0359375
3 0.27421875 0.3921875 0.01171875 0.04765625
3 0.29375 0.4265625 0.01640625 0.053125
3 0.303125 0.4171875 0.01328125 0.05859375
3 0.29296875 0.39296875 0.0140625 0.03984375
3 0.33203125 0.446875 0.01953125 0.0796875
3 0.3390625 0.43671875 0.0171875 0.06328125
1 0.401253 0.459095 0.024117 0.035134
0 0.491776 0.518537 0.031725 0.087576
0 0.335338 0.434390 0.027698 0.074051
1 0.228878 0.436191 0.015558 0.036621
0 0.229385 0.422442 0.017538 0.053345
1 0.296097 0.433087 0.017553 0.036650
1 0.335322 0.458097 0.023458 0.048520
0 0.407169 0.438355 0.034937 0.053759
0 0.178529 0.354895 0.010154 0.029111
0 0.293317 0.416253 0.016301 0.051766
1 0.175752 0.442713 0.020985 0.042803
