3 0.61328125 0.82265625 0.12578125 0.1765625
3 0.88984375 0.3765625 0.0296875 0.06953125
3 0.6828125 0.44375 0.05703125 0.1
3 0.59375 0.51640625 0.06875 0.0875
3 0.6015625 0.43515625 0.0640625 0.0953125
3 0.4609375 0.5125 0.0828125 0.11484375
3 0.34296875 0.52890625 0.08125 0.11640625
3 0.228125 0.56171875 0.065625 0.08671875
3 0.2609375 0.5140625 0.065625 0.09921875
3 0.33359375 0.43671875 0.04296875 0.0875
3 0.3640625 0.3953125 0.021875 0.07578125
3 0.33515625 0.325 0.0234375 0.0734375
3 0.3 0.27421875 0.0203125 0.059375
3 0.32734375 0.27109375 0.015625 0.05
3 0.32109375 0.2609375 0.01328125 0.053125
3 0.3125 0.2546875 0.015625 0.06796875
2 0.36328125 0.28203125 0.0546875 0.07890625
2 0.35546875 0.23359375 0.0296875 0.05
0 0.615006 0.792846 0.052366 0.090303
0 0.679437 0.439057 0.037723 0.079746
0 0.593557 0.491158 0.040420 0.087047
0 0.456710 0.494988 0.056887 0.084091
0 0.342155 0.513848 0.042230 0.078562
0 0.253894 0.503288 0.041622 0.080020
