2 0.690625 0.89375 0.14296875 0.2125
2 0.81796875 0.8984375 0.1609375 0.203125
3 0.70625 0.76875 0.0390625 0.115625
3 0.69765625 0.8140625 0.0296875 0.0859375
3 0.74765625 0.77109375 0.03671875 0.09765625
3 0.51875 0.76484375 0.02734375 0.115625
3 0.46015625 0.5046875 0.015625 0.065625
2 0.58671875 0.60390625 0.07734375 0.14296875
3 0.3671875 0.4953125 0.01640625 0.0546875
3 0.365625 0.44765625 0.0203125 0.05703125
2 0.4625 0.38203125 0.028125 0.06328125
3 0.37265625 0.32109375 0.0109375 0.0328125
3 0.328125 0.3125 0.00859375 0.03046875
3 0.3640625 0.29140625 0.00703125 0.025
3 0.35078125 0.28046875 0.00703125 0.02265625
2 0.3328125 0.27265625 0.01484375 0.025
3 0.35 0.2671875 0.00703125 0.01796875
3 0.340625 0.26484375 0.00703125 0.025
0 0.341318 0.545739 0.015393 0.062604
0 0.428241 0.509412 0.018137 0.044320
0 0.551890 0.464747 0.013956 0.041054
