3 0.6078125 0.78515625 0.05859375 0.25546875
3 0.7 0.61015625 0.04609375 0.1734375
3 0.69765625 0.5109375 0.0296875 0.128125
3 0.73671875 0.4546875 0.02421875 0.1046875
3 0.75 0.4046875 0.0234375 0.0796875
3 0.5 0.47109375 0.03671875 0.0984375
3 0.56875 0.4296875 0.0265625 0.09140625
3 0.6109375 0.378125 0.021875 0.0765625
3 0.5390625 0.41875 0.025 0.09453125
3 0.2375 0.6671875 0.08515625 0.153125
3 0.12734375 0.57109375 0.04765625 0.103125
3 0.6390625 0.3609375 0.01484375 0.06796875
3 0.6203125 0.33203125 0.01328125 0.0421875
2 0.6734375 0.371875 0.06484375 0.15234375
2 0.4296875 0.5828125 0.1515625 0.16328125
2 0.58828125 0.56640625 0.13046875 0.2296875
2 0.2921875 0.54140625 0.1640625 0.1359375
2 0.0234375 0.64453125 0.046875 0.1390625
2 0.74296875 0.35 0.040625 0.078125
2 0.73671875 0.303125 0.025 0.04921875
2 0.76484375 0.334375 0.02890625 0.06484375
0 0.697417 0.599048 0.040012 0.125641
0 0.607146 0.763098 0.066815 0.155066
0 0.233591 0.653327 0.047133 0.115062
1 0.697025 0.651045 0.034364 0.103123
0 0.697994 0.491188 0.034350 0.075454
0 0.171569 0.979901 0.042050 0.039346
0 0.499245 0.463516 0.033172 0.078689
0 0.741825 0.435075 0.030789 0.069075
1 0.740312 0.470516 0.026293 0.064387
0 0.537146 0.412366 0.020212 0.052798
0 0.564891 0.420871 0.024853 0.050908
1 0.133717 0.588120 0.044244 0.049013
1 0.114411 0.609929 0.044870 0.033567
0 0.608427 0.370508 0.016948 0.043139
0 0.130848 0.576008 0.028063 0.051233
1 0.697522 0.522393 0.034104 0.066118
