3 0.59296875 0.665625 0.0625 0.31953125
3 0.69296875 0.6140625 0.06171875 0.275
3 0.759375 0.5515625 0.0484375 0.2265625
3 0.6515625 0.5453125 0.0484375 0.2265625
3 0.61171875 0.4671875 0.03359375 0.16171875
3 0.54609375 0.5625 0.06015625 0.2546875
3 0.32890625 0.46875 0.06875 0.20078125
3 0.4 0.46171875 0.0703125 0.20078125
2 0.4890625 0.46484375 0.171875 0.28125
3 0.64296875 0.3390625 0.0328125 0.121875
2 0.56328125 0.2890625 0.10859375 0.1375
2 0.65703125 0.23984375 0.06796875 0.103125
2 0.7046875 0.18671875 0.0515625 0.08671875
0 0.323681 0.459755 0.068905 0.171608
0 0.379918 0.350680 0.025654 0.064400
1 0.338187 0.507073 0.102476 0.118183
