3 0.65703125 0.6 0.04609375 0.1765625
3 0.53828125 0.87265625 0.075 0.2546875
3 0.17734375 0.684375 0.08046875 0.14765625
3 0.32734375 0.51171875 0.06015625 0.10859375
3 0.5296875 0.425 0.03203125 0.090625
3 0.5625 0.38671875 0.025 0.07421875
3 0.753125 0.3390625 0.0125 0.05546875
3 0.74375 0.3125 0.01171875 0.0453125
3 0.70234375 0.28828125 0.00859375 0.034375
3 0.76640625 0.30546875 0.01171875 0.046875
2 0.65625 0.3265625 0.040625 0.0546875
0 0.659289 0.583545 0.041950 0.137073
0 0.321416 0.502163 0.034353 0.076193
0 0.564540 0.377818 0.025507 0.051689
0 0.535723 0.835619 0.071332 0.176014
0 0.273083 0.963641 0.075247 0.071791
0 0.530437 0.416607 0.030658 0.067982
1 0.324101 0.528743 0.058128 0.062897
0 0.167047 0.681862 0.059203 0.105088
0 0.702431 0.288616 0.010080 0.028721
1 0.658159 0.637433 0.037617 0.106082
1 0.005236 0.918494 0.010405 0.055490
