2 0.67890625 0.89296875 0.14296875 0.209375
2 0.415625 0.5125 0.0609375 0.10703125
2 0.46484375 0.70859375 0.0765625 0.153125
2 0.46328125 0.4328125 0.09609375 0.1859375
2 0.40390625 0.38515625 0.04453125 0.065625
2 0.35234375 0.20625 0.02109375 0.02265625
0 0.555245 0.718650 0.031051 0.088433
0 0.225204 0.969313 0.029683 0.060659
0 0.358179 0.355704 0.014049 0.041080
0 0.655205 0.724696 0.029902 0.080429
0 0.713889 0.686842 0.025761 0.049220
1 0.354306 0.686574 0.027265 0.077808
0 0.337203 0.339511 0.010534 0.032253
0 0.609762 0.710737 0.041166 0.084736
1 0.616364 0.745302 0.022795 0.071377
0 0.871704 0.944835 0.057100 0.108884
1 0.657643 0.752393 0.032496 0.068445
0 0.408719 0.802994 0.033494 0.091360
0 0.313250 0.337506 0.010458 0.031488
1 0.409586 0.847196 0.029813 0.086816
0 0.792988 0.858777 0.034216 0.061191
