2 0.3484375 0.371875 0.07578125 0.08671875
3 0.40390625 0.5203125 0.06640625 0.11484375
3 0.88515625 0.75546875 0.0953125 0.15078125
3 0.265625 0.5390625 0.078125 0.125
3 0.20078125 0.58515625 0.09140625 0.16953125
3 0.0546875 0.59609375 0.07109375 0.140625
3 0.07890625 0.5515625 0.065625 0.153125
3 0.85625 0.49609375 0.05234375 0.134375
3 0.79765625 0.37578125 0.03828125 0.07890625
0 0.892361 0.726292 0.063913 0.139787
0 0.044107 0.593858 0.031257 0.109009
0 0.263814 0.529611 0.041192 0.098418
0 0.863212 0.487769 0.033137 0.080548
0 0.009093 0.572529 0.018013 0.067447
