2 0.596875 0.54453125 0.16796875 0.3140625
2 0.38828125 0.42890625 0.20859375 0.26640625
2 0.57421875 0.30859375 0.10859375 0.1640625
2 0.7015625 0.37578125 0.10703125 0.20390625
3 0.659375 0.7171875 0.06328125 0.30703125
3 0.778125 0.3953125 0.03671875 0.13515625
3 0.43203125 0.62734375 0.08515625 0.2671875
3 0.746875 0.63671875 0.05859375 0.271875
3 0.396875 0.521875 0.075 0.21953125
3 0.56015625 0.41875 0.0515625 0.18671875
3 0.48671875 0.50625 0.06484375 0.18828125
3 0.6921875 0.571875 0.0578125 0.2203125
3 0.48515625 0.4421875 0.05625 0.15625
3 0.49296875 0.3359375 0.03828125 0.11953125
3 0.50078125 0.30078125 0.03359375 0.1109375
3 0.55234375 0.24921875 0.0234375 0.06640625
3 0.725 0.24609375 0.0265625 0.06640625
3 0.7296875 0.1875 0.021875 0.0734375
2 0.75 0.1484375 0.03515625 0.06328125
2 0.6421875 0.2546875 0.07578125 0.1265625
0 0.430345 0.607376 0.059998 0.224657
0 0.741499 0.605822 0.073089 0.210048
0 0.397392 0.490712 0.058300 0.162674
1 0.745199 0.689150 0.054720 0.164798
1 0.431662 0.674083 0.087302 0.175333
0 0.653544 0.770749 0.076266 0.203060
0 0.690429 0.545187 0.053876 0.161361
0 0.560737 0.417625 0.054953 0.180428
0 0.663598 0.644851 0.068628 0.150432
0 0.484562 0.462180 0.035022 0.078573
1 0.777767 0.406675 0.033803 0.114327
