2 0.5046875 0.353125 0.1359375 0.19453125
2 0.609375 0.5671875 0.2109375 0.44140625
3 0.5046875 0.55859375 0.04921875 0.26640625
3 0.7484375 0.62890625 0.06015625 0.24296875
3 0.68125 0.70078125 0.0609375 0.31484375
3 0.43203125 0.7109375 0.07578125 0.31953125
3 0.63828125 0.3765625 0.03046875 0.1390625
3 0.71171875 0.440625 0.0390625 0.18203125
3 0.7703125 0.50703125 0.03671875 0.1921875
2 0.61796875 0.2546875 0.0859375 0.146875
2 0.690625 0.2 0.05390625 0.075
2 0.71953125 0.3515625 0.09375 0.1859375
2 0.75859375 0.13984375 0.021875 0.05703125
2 0.7265625 0.14375 0.05 0.10625
1 0.686158 0.705381 0.065061 0.315931
0 0.686033 0.704797 0.065122 0.315002
