3 0.3546875 0.5578125 0.05078125 0.12578125
3 0.53671875 0.39453125 0.01484375 0.05
3 0.55546875 0.40625 0.02421875 0.06640625
3 0.76875 0.38515625 0.01484375 0.07890625
3 0.67265625 0.31328125 0.01328125 0.0484375
3 0.7171875 0.29453125 0.01015625 0.0359375
3 0.76328125 0.34765625 0.01328125 0.0515625
2 0.71640625 0.3765625 0.053125 0.1015625
2 0.51015625 0.48203125 0.11796875 0.13984375
2 0.6453125 0.36015625 0.0484375 0.06328125
2 0.740625 0.31328125 0.03203125 0.05
2 0.78125 0.3265625 0.028125 0.05859375
2 0.75234375 0.2890625 0.0171875 0.03359375
3 0.61953125 0.35234375 0.00703125 0.05078125
0 0.554464 0.406278 0.027475 0.056307
0 0.036514 0.930203 0.072648 0.138460
0 0.345805 0.549188 0.036730 0.088634
0 0.361907 0.543924 0.034743 0.086165
0 0.637331 0.314636 0.011478 0.024043
