3 0.6046875 0.48359375 0.04921875 0.08046875
3 0.28671875 0.396875 0.015625 0.0546875
3 0.2703125 0.39375 0.0109375 0.046875
3 0.26015625 0.396875 0.015625 0.0484375
3 0.234375 0.40078125 0.01640625 0.05
3 0.22890625 0.3953125 0.0109375 0.0453125
3 0.2546875 0.37734375 0.009375 0.03984375
3 0.2 0.34453125 0.0140625 0.0296875
3 0.18515625 0.34609375 0.0078125 0.028125
2 0.23671875 0.38359375 0.03125 0.040625
2 0.215625 0.375 0.02265625 0.0390625
2 0.20703125 0.5046875 0.12109375 0.125
1 0.604771 0.492730 0.040845 0.041460
0 0.606285 0.472204 0.023242 0.059537
1 0.288116 0.406084 0.014282 0.031548
1 0.232968 0.409852 0.015830 0.031252
0 0.260205 0.402176 0.013595 0.036387
