2 0.334375 0.33515625 0.05390625 0.0734375
3 0.85703125 0.71015625 0.10546875 0.171875
2 0.69765625 0.35 0.08671875 0.0890625
2 0.565625 0.296875 0.04296875 0.0546875
3 0.59453125 0.86953125 0.1578125 0.25703125
3 0.50625 0.3515625 0.015625 0.0703125
3 0.47265625 0.346875 0.0203125 0.084375
3 0.45390625 0.3296875 0.009375 0.05390625
3 0.4 0.35546875 0.01484375 0.0734375
3 0.4359375 0.3203125 0.01015625 0.059375
3 0.609375 0.7890625 0.13203125 0.19921875
0 0.887175 0.668444 0.034950 0.094472
0 0.859651 0.705026 0.058466 0.135185
0 0.616044 0.797729 0.108064 0.226910
