2 0.328125 0.30546875 0.05546875 0.078125
3 0.33828125 0.36484375 0.02421875 0.05703125
3 0.3921875 0.2828125 0.0265625 0.0828125
3 0.3703125 0.29453125 0.02109375 0.0765625
3 0.340625 0.24765625 0.015625 0.05703125
3 0.346875 0.2890625 0.02734375 0.0296875
3 0.42734375 0.41171875 0.0390625 0.096875
3 0.4578125 0.55703125 0.0578125 0.14609375
3 0.3796875 0.84765625 0.1046875 0.19765625
3 0.9640625 0.3765625 0.021875 0.0578125
3 0.921875 0.38828125 0.0265625 0.078125
3 0.88359375 0.40625 0.02734375 0.08203125
3 0.840625 0.42734375 0.02890625 0.0953125
3 0.86171875 0.50546875 0.04296875 0.109375
3 0.890625 0.69609375 0.0625 0.1765625
3 0.94609375 0.88046875 0.08203125 0.1796875
0 0.379590 0.861238 0.093380 0.200346
0 0.459048 0.564703 0.040577 0.121527
0 0.918081 0.400037 0.017543 0.034505
0 0.841915 0.434147 0.024805 0.071086
