2 0.33125 0.4890625 0.0875 0.08984375
2 0.43515625 0.3828125 0.03984375 0.0515625
3 0.3671875 0.37578125 0.009375 0.05390625
3 0.3578125 0.3640625 0.01015625 0.0328125
3 0.3484375 0.3546875 0.0078125 0.040625
3 0.634375 0.41796875 0.0359375 0.059375
3 0.7046875 0.409375 0.03046875 0.059375
3 0.80859375 0.39765625 0.02421875 0.053125
0 0.636222 0.411061 0.021883 0.051595
1 0.631817 0.433997 0.035698 0.029360
0 0.366616 0.378609 0.017307 0.045048
0 0.805739 0.400623 0.013170 0.034617
0 0.232309 0.499830 0.015693 0.032963
0 0.843541 0.407388 0.015947 0.039611
