2 0.28046875 0.828125 0.26015625 0.2796875
3 0.4828125 0.46484375 0.0328125 0.065625
3 0.32578125 0.53984375 0.0453125 0.084375
3 0.146875 0.61171875 0.065625 0.12265625
3 0.0765625 0.6234375 0.06796875 0.1109375
3 0.59921875 0.42734375 0.03515625 0.06796875
3 0.65625 0.415625 0.025 0.059375
3 0.725 0.403125 0.02734375 0.0609375
3 0.825 0.5765625 0.03671875 0.12109375
3 0.43125 0.3796875 0.01015625 0.05
3 0.4171875 0.3734375 0.0109375 0.046875
3 0.8421875 0.40546875 0.0171875 0.053125
3 0.8375 0.3859375 0.0109375 0.04765625
1 0.080438 0.650034 0.066063 0.074049
1 0.150656 0.634452 0.061730 0.077261
0 0.143720 0.609456 0.042407 0.082293
0 0.599836 0.425256 0.027056 0.052216
1 0.325615 0.553590 0.047377 0.052124
0 0.072612 0.623079 0.048929 0.099354
0 0.656984 0.407699 0.019440 0.042825
1 0.826126 0.588926 0.034155 0.094130
1 0.655970 0.426645 0.023477 0.024395
0 0.231510 0.501621 0.015785 0.034857
