2 0.6328125 0.50625 0.15 0.26796875
2 0.4796875 0.3625 0.14296875 0.20859375
2 0.65234375 0.23203125 0.059375 0.10546875
2 0.603125 0.28125 0.08984375 0.14609375
2 0.69609375 0.1875 0.04296875 0.08046875
2 0.7140625 0.33203125 0.10078125 0.190625
3 0.64453125 0.65703125 0.08984375 0.2828125
3 0.5671875 0.35625 0.04296875 0.14765625
3 0.5171875 0.50546875 0.04921875 0.19765625
3 0.44296875 0.4546875 0.06796875 0.17734375
3 0.73203125 0.7015625 0.0625 0.2765625
3 0.721875 0.51953125 0.05078125 0.215625
3 0.78359375 0.37890625 0.03671875 0.1046875
3 0.740625 0.1921875 0.02109375 0.0625
3 0.76015625 0.16328125 0.0140625 0.059375
3 0.296875 0.47421875 0.07265625 0.209375
3 0.36640625 0.47578125 0.090625 0.203125
3 0.775 0.58359375 0.05234375 0.209375
3 0.77265625 0.4671875 0.03828125 0.14375
0 0.549219 0.563382 0.039497 0.161667
0 0.300290 0.479661 0.046492 0.181847
0 0.441127 0.441496 0.057055 0.148025
0 0.742073 0.192029 0.022986 0.058894
0 0.519511 0.450240 0.040730 0.075032
0 0.395837 0.363841 0.028163 0.122561
1 0.282711 0.513464 0.060151 0.137039
0 0.316939 0.447995 0.034580 0.141070
0 0.722450 0.519856 0.050364 0.209107
0 0.780921 0.391836 0.030865 0.068546
