3 0.66953125 0.8484375 0.0609375 0.19453125
3 0.684375 0.5609375 0.0265625 0.103125
3 0.79765625 0.4953125 0.021875 0.090625
3 0.8078125 0.45234375 0.02109375 0.06796875
3 0.76484375 0.403125 0.01875 0.05703125
3 0.7171875 0.43046875 0.01953125 0.0671875
3 0.68046875 0.4796875 0.021875 0.07578125
3 0.49609375 0.5390625 0.021875 0.08984375
3 0.4515625 0.4609375 0.0171875 0.0671875
3 0.428125 0.465625 0.0171875 0.0703125
3 0.3625 0.44453125 0.01796875 0.05703125
3 0.3734375 0.390625 0.0140625 0.040625
3 0.41875 0.371875 0.0109375 0.04296875
3 0.4328125 0.3640625 0.009375 0.04296875
1 0.663450 0.880262 0.067805 0.175125
0 0.671366 0.837670 0.056174 0.158053
0 0.427771 0.460127 0.018241 0.047480
1 0.498425 0.559338 0.023839 0.055235
0 0.682747 0.472093 0.017031 0.049767
1 0.683440 0.590704 0.024406 0.055499
0 0.369117 0.384781 0.012178 0.034181
0 0.496187 0.526628 0.021923 0.075059
1 0.430192 0.485642 0.014606 0.032309
0 0.451485 0.455380 0.015901 0.054914
0 0.679843 0.506825 0.017403 0.041778
0 0.231808 0.499809 0.015887 0.033816
1 0.453374 0.477740 0.014148 0.035319
0 0.767166 0.409673 0.014571 0.041912
