2 0.615625 0.6171875 0.18984375 0.36953125
2 0.12578125 0.784375 0.2515625 0.425
2 0.69296875 0.19921875 0.05859375 0.09921875
2 0.58515625 0.3015625 0.11484375 0.1796875
2 0.70546875 0.39140625 0.12421875 0.2734375
3 0.74609375 0.66328125 0.05390625 0.2625
3 0.57734375 0.46484375 0.04921875 0.19140625
3 0.6890625 0.81171875 0.07734375 0.37265625
3 0.36640625 0.615625 0.09921875 0.2703125
2 0.32265625 0.44609375 0.24453125 0.4453125
2 0.728125 0.14921875 0.04453125 0.103125
1 0.714771 0.778065 0.137416 0.442817
1 0.364957 0.618795 0.098761 0.268067
