2 0.93203125 0.821875 0.13515625 0.33359375
3 0.228125 0.67734375 0.0734375 0.1609375
3 0.55 0.56328125 0.04453125 0.1203125
3 0.61640625 0.50234375 0.03515625 0.09765625
3 0.7421875 0.40546875 0.028125 0.065625
3 0.5921875 0.41640625 0.03046875 0.059375
3 0.49140625 0.40625 0.02265625 0.0578125
3 0.37421875 0.46953125 0.02109375 0.07578125
3 0.38203125 0.44609375 0.0171875 0.0640625
2 0.37890625 0.41875 0.0296875 0.0703125
2 0.39296875 0.38515625 0.0453125 0.0421875
2 0.36015625 0.359375 0.0296875 0.046875
3 0.4078125 0.3515625 0.01171875 0.04296875
0 0.221226 0.668683 0.042388 0.112095
0 0.615212 0.482970 0.027307 0.064522
1 0.551133 0.587099 0.042425 0.055537
1 0.228258 0.707909 0.074784 0.090903
1 0.741974 0.419254 0.027023 0.037132
1 0.375043 0.487264 0.023220 0.041478
0 0.742790 0.408614 0.018918 0.040377
1 0.492647 0.422947 0.020374 0.032136
0 0.492619 0.412546 0.018898 0.031887
