2 0.5875 0.62109375 0.18828125 0.3703125
2 0.10078125 0.7453125 0.2015625 0.44453125
2 0.57578125 0.29296875 0.103125 0.15703125
2 0.69453125 0.37421875 0.11015625 0.20859375
3 0.75625 0.646875 0.0671875 0.27890625
3 0.709375 0.521875 0.04140625 0.209375
3 0.7484375 0.44765625 0.03984375 0.18125
3 0.7046875 0.22421875 0.025 0.0921875
3 0.7796875 0.39375 0.034375 0.1390625
2 0.7171875 0.17578125 0.04765625 0.08359375
2 0.75859375 0.14140625 0.02421875 0.05625
0 0.753882 0.582893 0.054230 0.102060
0 0.753160 0.401335 0.035682 0.083233
1 0.708923 0.563877 0.044458 0.125722
0 0.711557 0.506812 0.047220 0.165436
0 0.773816 0.485526 0.028185 0.110212
