2 0.340625 0.49375 0.2171875 0.2796875
2 0.71796875 0.403125 0.12109375 0.23671875
2 0.66484375 0.30703125 0.0828125 0.14296875
2 0.5671875 0.26875 0.1015625 0.09921875
2 0.725 0.1796875 0.05234375 0.078125
3 0.56484375 0.65390625 0.084375 0.2890625
3 0.43984375 0.57265625 0.08046875 0.240625
3 0.47265625 0.3890625 0.0421875 0.15703125
3 0.38515625 0.5515625 0.08359375 0.22734375
2 0.54921875 0.4046875 0.15234375 0.265625
2 0.65078125 0.22734375 0.071875 0.10859375
1 0.380945 0.587531 0.074151 0.152900
0 0.565824 0.624457 0.052586 0.182694
0 0.389046 0.540086 0.054193 0.190677
0 0.446679 0.513872 0.049729 0.127935
1 0.557999 0.711385 0.067617 0.176568
1 0.435468 0.604868 0.074984 0.171528
