2 0.48046875 0.40703125 0.1625 0.246875
2 0.6609375 0.4109375 0.15859375 0.30546875
3 0.22578125 0.60078125 0.10703125 0.28359375
3 0.63828125 0.64140625 0.06171875 0.265625
3 0.7 0.60078125 0.059375 0.23515625
3 0.7296875 0.7234375 0.078125 0.3046875
3 0.08046875 0.8953125 0.1609375 0.209375
3 0.76640625 0.5375 0.04609375 0.18671875
3 0.54765625 0.28203125 0.02734375 0.0984375
3 0.74140625 0.46015625 0.0421875 0.16875
3 0.7546875 0.4 0.03671875 0.1453125
3 0.7953125 0.43828125 0.0390625 0.109375
2 0.74375 0.2828125 0.06015625 0.15546875
0 0.057100 0.896759 0.097893 0.205539
1 0.638561 0.687605 0.061599 0.186640
0 0.765656 0.496075 0.042227 0.070289
0 0.729734 0.694004 0.075984 0.245434
