3 0.596875 0.84375 0.04453125 0.14375
3 0.68828125 0.85546875 0.04609375 0.14609375
3 0.7484375 0.93046875 0.0625 0.1390625
2 0.7875 0.8921875 0.15 0.215625
3 0.63125 0.7015625 0.03046875 0.1125
3 0.46171875 0.47109375 0.015625 0.06171875
3 0.43125 0.39140625 0.0140625 0.046875
3 0.4015625 0.38359375 0.01171875 0.04140625
3 0.396875 0.35625 0.01015625 0.03125
3 0.40703125 0.34609375 0.0140625 0.0359375
3 0.33515625 0.31875 0.01171875 0.0359375
3 0.34140625 0.30234375 0.0109375 0.028125
2 0.4625 0.38359375 0.0296875 0.0609375
1 0.597637 0.870509 0.031601 0.090789
0 0.571856 0.464533 0.020145 0.053237
1 0.625845 0.700765 0.040238 0.101309
0 0.432452 0.394004 0.012220 0.036592
1 0.687302 0.848020 0.048012 0.122471
0 0.402917 0.391126 0.011428 0.028728
0 0.595511 0.825920 0.038206 0.094559
0 0.334223 0.320349 0.010931 0.027531
1 0.700663 0.604515 0.050584 0.041964
