2 0.215625 0.37421875 0.02421875 0.040625
2 0.23671875 0.3828125 0.03203125 0.03984375
3 0.234375 0.40078125 0.015625 0.05625
3 0.2296875 0.39375 0.0109375 0.04375
3 0.259375 0.39765625 0.01484375 0.05234375
3 0.2703125 0.39296875 0.0109375 0.04765625
3 0.2859375 0.39609375 0.01484375 0.0546875
3 0.24765625 0.3640625 0.00859375 0.02421875
3 0.20390625 0.35234375 0.00703125 0.02890625
3 0.1953125 0.34140625 0.01171875 0.03125
3 0.1859375 0.3390625 0.00703125 0.03046875
3 0.40390625 0.471875 0.05234375 0.08359375
1 0.401032 0.486729 0.049938 0.044000
0 0.398861 0.466449 0.031879 0.064055
1 0.288373 0.406017 0.014655 0.031897
1 0.233003 0.409404 0.015970 0.031883
