2 0.58515625 0.54375 0.20859375 0.375
2 0.41953125 0.45546875 0.21484375 0.30078125
2 0.64921875 0.25625 0.07265625 0.11875
2 0.56015625 0.31640625 0.11484375 0.1953125
3 0.45 0.53828125 0.08046875 0.2328125
3 0.72265625 0.79140625 0.08515625 0.31484375
3 0.26171875 0.484375 0.07578125 0.22421875
3 0.28671875 0.69921875 0.09296875 0.334375
3 0.6 0.778125 0.10703125 0.340625
3 0.7140625 0.63671875 0.0796875 0.27890625
3 0.709375 0.553125 0.05390625 0.2421875
3 0.365625 0.37578125 0.04375 0.0953125
3 0.47734375 0.284375 0.0421875 0.06484375
3 0.52109375 0.2625 0.03046875 0.0734375
0 0.613087 0.745220 0.090326 0.240868
1 0.446375 0.580259 0.076173 0.150457
0 0.710946 0.613229 0.082463 0.217747
0 0.448781 0.531264 0.059227 0.207499
0 0.281481 0.450349 0.038045 0.148546
0 0.720213 0.575400 0.063938 0.138133
0 0.711852 0.518256 0.054374 0.159344
0 0.299744 0.593998 0.052911 0.087862
1 0.252088 0.521871 0.055194 0.150100
0 0.263120 0.464130 0.069369 0.127461
0 0.730225 0.701205 0.062251 0.110100
