2 0.46484375 0.40546875 0.15234375 0.23046875
2 0.70390625 0.41640625 0.1359375 0.23046875
2 0.59296875 0.4015625 0.14765625 0.228125
3 0.36171875 0.415625 0.06484375 0.1765625
3 0.53203125 0.64140625 0.07265625 0.29140625
3 0.65078125 0.64609375 0.065625 0.27265625
3 0.08359375 0.634375 0.1234375 0.25546875
3 0.73125 0.55390625 0.06328125 0.2234375
3 0.275 0.4609375 0.06015625 0.1875
3 0.75078125 0.65234375 0.05859375 0.27265625
3 0.2296875 0.55859375 0.09765625 0.25390625
3 0.64765625 0.3 0.02421875 0.071875
3 0.66875 0.2890625 0.02109375 0.10390625
3 0.684375 0.2578125 0.01875 0.09765625
3 0.703125 0.2765625 0.02265625 0.09296875
2 0.62578125 0.26328125 0.0828125 0.1296875
2 0.6828125 0.2125 0.06015625 0.0953125
2 0.7453125 0.203125 0.04296875 0.096875
2 0.715625 0.1796875 0.04453125 0.08125
1 0.534022 0.627653 0.078371 0.327191
1 0.358903 0.446893 0.062636 0.116053
1 0.066217 0.679209 0.085770 0.161653
0 0.275552 0.499469 0.061377 0.123331
1 0.747241 0.700962 0.056336 0.182842
0 0.361926 0.409955 0.034439 0.164843
0 0.110403 0.598318 0.071022 0.181961
0 0.225347 0.532789 0.056324 0.188177
1 0.648975 0.643389 0.067198 0.304438
0 0.080323 0.609567 0.063781 0.192964
0 0.719321 0.284794 0.019802 0.039060
