2 0.6171875 0.51328125 0.1703125 0.32890625
2 0.4046875 0.8671875 0.30078125 0.2640625
2 0.7375 0.31328125 0.08359375 0.171875
3 0.690625 0.7203125 0.07421875 0.31875
3 0.50703125 0.49453125 0.07265625 0.2359375
3 0.746875 0.51171875 0.04609375 0.22421875
3 0.30859375 0.8109375 0.1359375 0.36328125
3 0.78125 0.4140625 0.03515625 0.165625
3 0.59296875 0.38046875 0.05078125 0.15390625
0 0.748161 0.479905 0.050385 0.141796
0 0.706092 0.623168 0.051225 0.125007
1 0.750453 0.550707 0.049805 0.154904
0 0.687388 0.659467 0.053875 0.109163
0 0.603288 0.344069 0.031856 0.076488
0 0.781035 0.392358 0.031236 0.088313
