2 0.49296875 0.50390625 0.07109375 0.10703125
2 0.7390625 0.5984375 0.1734375 0.275
3 0.58125 0.6921875 0.046875 0.1796875
3 0.5015625 0.64375 0.03359375 0.146875
3 0.878125 0.7234375 0.084375 0.1609375
3 0.753125 0.39140625 0.01640625 0.06875
3 0.7109375 0.45 0.01875 0.0609375
2 0.4703125 0.3953125 0.0453125 0.059375
3 0.4421875 0.375 0.0109375 0.040625
3 0.37890625 0.41328125 0.01640625 0.05234375
3 0.4140625 0.35859375 0.01015625 0.03671875
2 0.3875 0.33984375 0.02265625 0.04296875
2 0.3578125 0.3546875 0.02109375 0.040625
0 0.499107 0.623296 0.030149 0.112555
0 0.710455 0.450189 0.020373 0.039155
0 0.581326 0.673361 0.035941 0.116033
1 0.501698 0.679377 0.027492 0.068342
0 0.753774 0.396155 0.012035 0.042462
0 0.894481 0.707436 0.050049 0.119849
0 0.380151 0.413108 0.013210 0.036987
1 0.589564 0.742991 0.034668 0.076571
