2 0.57890625 0.5078125 0.08828125 0.13046875
3 0.4125 0.484375 0.0234375 0.08046875
3 0.3921875 0.46953125 0.01796875 0.07578125
3 0.3375 0.48671875 0.03046875 0.08359375
2 0.42578125 0.371875 0.0453125 0.096875
2 0.38046875 0.3515625 0.0234375 0.03828125
3 0.36640625 0.38046875 0.01015625 0.04609375
3 0.35625 0.3890625 0.01171875 0.04453125
0 0.411431 0.484559 0.023089 0.052546
0 0.392545 0.483583 0.018237 0.044926
1 0.335886 0.497686 0.028067 0.047929
1 0.411238 0.502892 0.018877 0.044968
0 0.231882 0.499191 0.015885 0.034977
