2 0.45859375 0.4046875 0.1625 0.23125
3 0.6734375 0.68515625 0.0703125 0.3046875
3 0.4359375 0.54296875 0.07109375 0.2125
3 0.74453125 0.6421875 0.06171875 0.25703125
3 0.29609375 0.5078125 0.08671875 0.22421875
3 0.59921875 0.6453125 0.06640625 0.26171875
3 0.74375 0.48046875 0.05078125 0.16875
3 0.51875 0.56875 0.07265625 0.234375
3 0.553125 0.390625 0.05703125 0.1609375
3 0.503125 0.48671875 0.05078125 0.1984375
3 0.68984375 0.52265625 0.05 0.15078125
3 0.26328125 0.47890625 0.06796875 0.19609375
3 0.3515625 0.4015625 0.06484375 0.16875
3 0.42421875 0.33671875 0.04453125 0.109375
0 0.557680 0.390381 0.047710 0.152886
0 0.436849 0.537142 0.069403 0.198112
0 0.691443 0.498226 0.046581 0.100082
0 0.520100 0.546503 0.066892 0.175730
1 0.674423 0.739447 0.074102 0.233292
0 0.509759 0.425848 0.046038 0.077230
1 0.744425 0.685814 0.061928 0.175412
0 0.745138 0.459732 0.045456 0.121333
1 0.511486 0.611344 0.067983 0.152045
0 0.608645 0.560710 0.040133 0.092051
