3 0.79296875 0.70859375 0.08125 0.17265625
3 0.18828125 0.41875 0.015625 0.0609375
3 0.29453125 0.40625 0.01484375 0.0515625
2 0.17421875 0.3640625 0.021875 0.04765625
2 0.19296875 0.35390625 0.01796875 0.03828125
2 0.23984375 0.39296875 0.03828125 0.0578125
2 0.27578125 0.3875 0.0328125 0.0578125
2 0.1609375 0.39140625 0.01796875 0.071875
2 0.22109375 0.3609375 0.0453125 0.090625
2 0.215625 0.34296875 0.0390625 0.07578125
0 0.800463 0.694398 0.052663 0.115576
0 0.187816 0.409229 0.012846 0.035665
1 0.790386 0.736898 0.056285 0.092137
0 0.293797 0.405346 0.013205 0.040075
