3 0.7734375 0.96328125 0.05 0.0734375
3 0.62578125 0.665625 0.0328125 0.1046875
3 0.36796875 0.4078125 0.01328125 0.04453125
3 0.353125 0.38671875 0.01015625 0.04609375
3 0.34296875 0.371875 0.01171875 0.04140625
2 0.3890625 0.47265625 0.03828125 0.075
2 0.36875 0.371875 0.025 0.04453125
2 0.39140625 0.34453125 0.02578125 0.0484375
2 0.403125 0.321875 0.0234375 0.0359375
2 0.38515625 0.29765625 0.0171875 0.0265625
2 0.47578125 0.4 0.0359375 0.0671875
2 0.45234375 0.37109375 0.0296875 0.065625
3 0.3375 0.3296875 0.009375 0.03125
3 0.3296875 0.31796875 0.00859375 0.03046875
3 0.36171875 0.29765625 0.00703125 0.025
3 0.3703125 0.303125 0.0078125 0.0296875
1 0.625885 0.681920 0.028104 0.065199
0 0.337390 0.330892 0.008593 0.030813
