2 0.62890625 0.65625 0.1859375 0.4
2 0.73359375 0.34140625 0.0875 0.153125
3 0.39140625 0.79296875 0.10078125 0.334375
3 0.30859375 0.58203125 0.10390625 0.2703125
3 0.609375 0.45546875 0.0578125 0.19921875
3 0.7390625 0.47890625 0.05078125 0.190625
3 0.53984375 0.55625 0.07109375 0.2484375
3 0.63359375 0.38046875 0.03359375 0.1625
3 0.6671875 0.35625 0.0296875 0.1296875
3 0.70625 0.409375 0.0375 0.13984375
2 0.7359375 0.25 0.06328125 0.1203125
0 0.546266 0.524777 0.060434 0.180412
0 0.666949 0.349623 0.033169 0.101465
0 0.388908 0.342539 0.024162 0.057894
0 0.633026 0.346297 0.029610 0.083305
1 0.532876 0.591292 0.059228 0.177107
