2 0.59140625 0.55625 0.16953125 0.31015625
2 0.7265625 0.37890625 0.1078125 0.19296875
2 0.6515625 0.3140625 0.08828125 0.1375
2 0.63359375 0.24609375 0.08671875 0.109375
2 0.47578125 0.4140625 0.16953125 0.17109375
3 0.29375 0.4671875 0.059375 0.18359375
3 0.3265625 0.54453125 0.1015625 0.234375
3 0.378125 0.40625 0.0609375 0.140625
3 0.43671875 0.56875 0.08046875 0.2203125
3 0.51875 0.49296875 0.0453125 0.20546875
3 0.70390625 0.79140625 0.09921875 0.3671875
3 0.71640625 0.56875 0.06953125 0.20859375
3 0.7390625 0.16796875 0.02265625 0.05859375
0 0.707625 0.538438 0.052246 0.085086
