2 0.08046875 0.63046875 0.1609375 0.15703125
2 0.34765625 0.37109375 0.0796875 0.09375
3 0.25859375 0.55859375 0.0890625 0.1390625
3 0.88046875 0.7671875 0.1078125 0.21796875
3 0.63515625 0.496875 0.059375 0.1140625
3 0.46640625 0.54609375 0.07890625 0.1234375
3 0.34609375 0.521875 0.07265625 0.1203125
3 0.74296875 0.559375 0.0828125 0.13125
0 0.639810 0.492102 0.033098 0.089362
0 0.344796 0.518312 0.043151 0.100319
0 0.259657 0.552403 0.047987 0.122574
0 0.461794 0.538850 0.034110 0.095360
0 0.754775 0.566180 0.047780 0.113916
0 0.888567 0.730094 0.061052 0.096990
