2 0.690625 0.540625 0.18359375 0.23359375
2 0.96328125 0.45859375 0.0734375 0.1171875
3 0.33359375 0.2671875 0.028125 0.04921875
3 0.321875 0.28828125 0.02890625 0.0640625
3 0.42734375 0.56484375 0.0953125 0.140625
3 0.39609375 0.728125 0.1078125 0.16953125
3 0.5078125 0.665625 0.12734375 0.153125
3 0.7296875 0.6125 0.08828125 0.1609375
3 0.8078125 0.65078125 0.0765625 0.1515625
3 0.903125 0.52578125 0.046875 0.13125
3 0.8328125 0.52890625 0.05859375 0.13046875
3 0.59140625 0.39140625 0.06328125 0.08359375
3 0.728125 0.3859375 0.05703125 0.07734375
3 0.809375 0.39609375 0.04765625 0.08984375
3 0.9234375 0.415625 0.0359375 0.07890625
0 0.836580 0.513645 0.037364 0.091749
0 0.320030 0.284939 0.014954 0.044303
0 0.510370 0.658937 0.057132 0.131970
0 0.423063 0.553154 0.056239 0.108654
0 0.812053 0.397562 0.025771 0.046609
0 0.927036 0.420577 0.021347 0.062038
0 0.590099 0.397607 0.033163 0.049983
1 0.806838 0.662192 0.068372 0.087541
0 0.816971 0.625173 0.040835 0.101261
0 0.399050 0.691831 0.043678 0.081704
