2 0.546875 0.47109375 0.09765625 0.0953125
2 0.78046875 0.39375 0.05234375 0.053125
2 0.59765625 0.4015625 0.06640625 0.05859375
2 0.484375 0.37421875 0.0703125 0.09609375
3 0.67265625 0.4265625 0.0234375 0.0453125
3 0.6328125 0.43359375 0.03125 0.0546875
3 0.72421875 0.39453125 0.01875 0.0578125
3 0.82578125 0.39140625 0.01953125 0.053125
3 0.35078125 0.378125 0.01328125 0.03828125
3 0.44375 0.375 0.0109375 0.0484375
0 0.675670 0.417087 0.023948 0.052632
0 0.725159 0.396358 0.019264 0.058255
0 0.232128 0.504532 0.016942 0.042726
0 0.444445 0.380220 0.014375 0.032211
0 0.828456 0.389691 0.017790 0.045513
