3 0.671875 0.9 0.0609375 0.2
3 0.71328125 0.58046875 0.0390625 0.14296875
3 0.675 0.52265625 0.03046875 0.10703125
3 0.7359375 0.41484375 0.01640625 0.08671875
3 0.69140625 0.4640625 0.01875 0.0875
3 0.8015625 0.38046875 0.0203125 0.05546875
3 0.421875 0.46015625 0.01875 0.07890625
3 0.40390625 0.36953125 0.0109375 0.0421875
3 0.4203125 0.37421875 0.01171875 0.0453125
3 0.37265625 0.40390625 0.01328125 0.0578125
1 0.711922 0.618160 0.032616 0.060928
0 0.713793 0.579805 0.029581 0.076459
0 0.422541 0.448962 0.016424 0.046792
1 0.672024 0.551593 0.015568 0.048593
0 0.667311 0.860947 0.061151 0.149962
0 0.674502 0.521197 0.022831 0.083594
0 0.737655 0.405383 0.017845 0.046591
1 0.668025 0.917119 0.065837 0.164509
1 0.735209 0.426621 0.017108 0.029415
0 0.800687 0.375465 0.017735 0.048446
0 0.711422 0.549719 0.026424 0.051007
0 0.694839 0.441163 0.016676 0.036607
