2 0.20546875 0.65859375 0.31875 0.4765625
2 0.596875 0.54453125 0.16796875 0.3140625
2 0.70546875 0.37421875 0.10078125 0.19921875
3 0.6625 0.71796875 0.07890625 0.32421875
3 0.74765625 0.63828125 0.0640625 0.271875
3 0.69375 0.5765625 0.05859375 0.2171875
3 0.746875 0.47578125 0.04609375 0.19140625
3 0.60546875 0.371875 0.03671875 0.08515625
3 0.63671875 0.3453125 0.03359375 0.10546875
3 0.77421875 0.41875 0.028125 0.1734375
3 0.69765625 0.24765625 0.02890625 0.09609375
3 0.70859375 0.2171875 0.021875 0.08515625
2 0.61796875 0.26328125 0.0953125 0.134375
2 0.746875 0.25390625 0.03671875 0.11953125
2 0.73671875 0.16328125 0.0421875 0.0703125
2 0.77109375 0.12890625 0.02734375 0.05078125
0 0.639386 0.347933 0.026595 0.097518
0 0.749704 0.478680 0.051652 0.179781
0 0.614341 0.371593 0.051010 0.075167
0 0.665434 0.648308 0.069381 0.148106
0 0.739190 0.688623 0.068010 0.166761
0 0.695192 0.544713 0.047276 0.158145
0 0.741784 0.609258 0.072020 0.214519
1 0.656020 0.777162 0.075422 0.205099
0 0.748785 0.565943 0.057606 0.123937
0 0.776769 0.383447 0.033579 0.063178
