2 0.6328125 0.32265625 0.06875 0.065625
2 0.33359375 0.33515625 0.05546875 0.0734375
2 0.02578125 0.64453125 0.0515625 0.1609375
3 0.2328125 0.88046875 0.1890625 0.23515625
3 0.73671875 0.76171875 0.11171875 0.18984375
3 0.80390625 0.87109375 0.1015625 0.19296875
3 0.259375 0.746875 0.15 0.21328125
3 0.31875 0.56875 0.07734375 0.11875
3 0.29375 0.50703125 0.0640625 0.1
3 0.21328125 0.565625 0.07578125 0.1375
3 0.11171875 0.5875 0.07578125 0.15625
3 0.45625 0.52734375 0.07578125 0.121875
3 0.546875 0.503125 0.05 0.09296875
3 0.61875 0.559375 0.08359375 0.15625
3 0.8 0.534375 0.05546875 0.11875
3 0.84765625 0.4921875 0.0390625 0.1046875
3 0.98125 0.48125 0.0375 0.090625
3 0.69609375 0.48515625 0.05625 0.096875
0 0.751621 0.741215 0.052469 0.139964
0 0.218673 0.557040 0.054812 0.137282
0 0.799403 0.601948 0.052149 0.095197
0 0.279079 0.738605 0.097734 0.156704
0 0.815889 0.840347 0.070902 0.110649
0 0.555018 0.509645 0.032586 0.074430
0 0.460904 0.530578 0.029484 0.066178
0 0.834278 0.505416 0.032328 0.043049
0 0.804749 0.500015 0.038286 0.063714
