3 0.29140625 0.7078125 0.10546875 0.10546875
3 0.28828125 0.6265625 0.0953125 0.07734375
3 0.5171875 0.59140625 0.08671875 0.11015625
3 0.74375 0.559375 0.06953125 0.09375
3 0.71484375 0.51875 0.0703125 0.0640625
3 0.6515625 0.39765625 0.06171875 0.071875
3 0.6890625 0.38359375 0.05078125 0.0625
3 0.8203125 0.48359375 0.05078125 0.096875
3 0.90234375 0.4328125 0.040625 0.0671875
3 0.94375 0.4546875 0.01875 0.046875
3 0.984375 0.5078125 0.028125 0.07265625
3 0.35390625 0.3125 0.025 0.05703125
2 0.446875 0.36171875 0.1171875 0.1078125
2 0.9234375 0.565625 0.11015625 0.1828125
2 0.978125 0.4359375 0.04375 0.06328125
0 0.722155 0.489601 0.039470 0.075658
0 0.519597 0.559787 0.041635 0.101904
0 0.822253 0.457336 0.023151 0.042473
0 0.354843 0.302149 0.019519 0.051790
0 0.903214 0.426839 0.027868 0.049792
1 0.457767 0.548733 0.036567 0.032752
0 0.737544 0.460039 0.018471 0.051357
