2 0.6625 0.4671875 0.07578125 0.08515625
2 0.690625 0.415625 0.0765625 0.0578125
3 0.50234375 0.56015625 0.05 0.12109375
3 0.225 0.74609375 0.090625 0.15859375
2 0.82421875 0.38125 0.04453125 0.05859375
3 0.25 0.67265625 0.059375 0.11484375
3 0.79453125 0.478125 0.02265625 0.08359375
3 0.96875 0.74375 0.06171875 0.17890625
3 0.5171875 0.3984375 0.02421875 0.05625
3 0.45859375 0.38671875 0.0140625 0.04765625
2 0.390625 0.390625 0.03828125 0.04609375
0 0.245513 0.662827 0.042528 0.093541
0 0.231913 0.501892 0.015568 0.033197
0 0.506990 0.559122 0.038366 0.080853
0 0.794249 0.479390 0.019818 0.078889
