2 0.24453125 0.5859375 0.1625 0.20859375
2 0.4328125 0.5171875 0.1359375 0.19765625
3 0.62578125 0.3234375 0.01953125 0.07109375
3 0.66484375 0.33515625 0.03359375 0.06171875
3 0.06796875 0.846875 0.1359375 0.26484375
3 0.29453125 0.47109375 0.03671875 0.09453125
3 0.35625 0.4578125 0.034375 0.11875
2 0.43359375 0.37890625 0.046875 0.0953125
2 0.46796875 0.31796875 0.0359375 0.0671875
2 0.50703125 0.25078125 0.0265625 0.0484375
0 0.058081 0.825907 0.078339 0.203736
0 0.660404 0.366864 0.041736 0.113118
0 0.656403 0.251799 0.013172 0.046172
