2 0.1546875 0.70625 0.30859375 0.44609375
2 0.58828125 0.5828125 0.221875 0.39140625
2 0.5375 0.32109375 0.096875 0.14609375
3 0.7 0.5765625 0.06328125 0.2328125
3 0.7453125 0.5078125 0.04140625 0.2046875
3 0.20234375 0.4609375 0.046875 0.08984375
3 0.06953125 0.91796875 0.13828125 0.1640625
3 0.3453125 0.428125 0.065625 0.1890625
3 0.64375 0.365625 0.034375 0.0828125
3 0.584375 0.34765625 0.03984375 0.13828125
3 0.58828125 0.2359375 0.02109375 0.084375
3 0.66796875 0.27578125 0.02578125 0.10625
3 0.77421875 0.39765625 0.034375 0.15
2 0.70859375 0.3421875 0.09765625 0.1890625
2 0.6421875 0.2375 0.07578125 0.11328125
2 0.7421875 0.2515625 0.04609375 0.06640625
2 0.6984375 0.20078125 0.046875 0.07890625
2 0.71640625 0.16640625 0.0421875 0.0765625
2 0.74453125 0.14921875 0.02890625 0.06015625
0 0.704318 0.565901 0.065705 0.212872
1 0.697516 0.613944 0.060364 0.150640
0 0.749297 0.484354 0.040965 0.145784
