2 0.5453125 0.34140625 0.08984375 0.1484375
2 0.68046875 0.4390625 0.14453125 0.27578125
3 0.70234375 0.70625 0.065625 0.278125
3 0.41328125 0.5484375 0.08359375 0.23125
3 0.759375 0.52109375 0.0484375 0.21640625
3 0.4921875 0.475 0.0609375 0.20546875
3 0.58046875 0.61953125 0.0640625 0.2578125
3 0.72109375 0.25 0.02265625 0.08125
3 0.51953125 0.59453125 0.07734375 0.29375
3 0.5640625 0.50390625 0.04375 0.21484375
3 0.58984375 0.42578125 0.04453125 0.18125
2 0.42421875 0.409375 0.16328125 0.25234375
2 0.64375 0.25078125 0.08046875 0.13125
2 0.7265625 0.17734375 0.03984375 0.07734375
2 0.7421875 0.340625 0.06953125 0.15
2 0.69453125 0.20234375 0.05859375 0.11328125
2 0.73984375 0.1515625 0.0359375 0.078125
3 0.7765625 0.4203125 0.034375 0.13125
3 0.59453125 0.34765625 0.0375 0.12421875
0 0.414976 0.531919 0.057729 0.196755
0 0.720637 0.246791 0.023448 0.070681
0 0.776773 0.407719 0.033496 0.088373
0 0.587633 0.390060 0.042928 0.072387
0 0.641323 0.359498 0.029460 0.088346
0 0.566238 0.454945 0.038501 0.083614
0 0.595016 0.344474 0.036090 0.069110
0 0.515019 0.415123 0.019595 0.080480
0 0.709064 0.534957 0.050712 0.084685
1 0.578045 0.670449 0.069868 0.190548
0 0.595645 0.450256 0.026974 0.088791
0 0.497719 0.437793 0.036553 0.103571
0 0.516084 0.539156 0.050563 0.102505
0 0.762805 0.495144 0.041359 0.139990
1 0.482494 0.515104 0.039706 0.122896
1 0.752707 0.561163 0.054974 0.143824
