2 0.81171875 0.39140625 0.046875 0.05
3 0.09375 0.64296875 0.071875 0.1171875
3 0.06953125 0.5984375 0.0484375 0.09921875
3 0.36484375 0.44375 0.01875 0.06328125
3 0.37265625 0.415625 0.01171875 0.05390625
3 0.421875 0.375 0.01171875 0.04296875
3 0.403125 0.3828125 0.01171875 0.05
3 0.53828125 0.40234375 0.02421875 0.06015625
3 0.7171875 0.4140625 0.0203125 0.06328125
3 0.70703125 0.3890625 0.015625 0.05625
3 0.7546875 0.40078125 0.02109375 0.0515625
0 0.371419 0.408842 0.013690 0.037358
0 0.752353 0.399372 0.018630 0.047278
0 0.705905 0.391510 0.018618 0.052697
0 0.094607 0.639243 0.033246 0.075257
1 0.754941 0.415214 0.025837 0.040079
0 0.835182 0.377483 0.011470 0.047758
0 0.766578 0.396374 0.013807 0.038799
0 0.538405 0.400493 0.023772 0.050258
