2 0.6125 0.5484375 0.11328125 0.1546875
3 0.821875 0.74453125 0.07109375 0.2109375
3 0.84453125 0.696875 0.05 0.1734375
3 0.9484375 0.78125 0.0828125 0.1953125
3 0.49609375 0.48359375 0.02578125 0.08515625
3 0.32421875 0.48671875 0.03125 0.07421875
3 0.25234375 0.59375 0.0484375 0.1078125
3 0.2125 0.54921875 0.04765625 0.0890625
2 0.43203125 0.4203125 0.03359375 0.07578125
2 0.42578125 0.38125 0.03359375 0.03515625
2 0.40234375 0.3609375 0.028125 0.03359375
2 0.35625 0.353125 0.0203125 0.03984375
2 0.38203125 0.34765625 0.01875 0.03984375
0 0.953521 0.760324 0.049072 0.129908
1 0.498681 0.498146 0.024863 0.053966
0 0.324946 0.476343 0.025398 0.050755
1 0.818806 0.785446 0.081775 0.143888
0 0.231460 0.499614 0.016344 0.036399
0 0.496929 0.472886 0.025168 0.068398
1 0.811544 0.404182 0.020510 0.032534
