3 0.28671875 0.396875 0.0140625 0.0515625
3 0.2703125 0.39453125 0.0125 0.04765625
3 0.26015625 0.39765625 0.0140625 0.046875
3 0.2546875 0.3921875 0.01171875 0.0484375
3 0.234375 0.4015625 0.0171875 0.04921875
3 0.22890625 0.396875 0.01171875 0.0453125
2 0.2359375 0.38515625 0.0296875 0.04375
2 0.215625 0.37421875 0.0234375 0.0390625
1 0.287822 0.405474 0.014204 0.033324
1 0.232766 0.408359 0.016852 0.034470
0 0.297378 0.393978 0.013446 0.041273
1 0.258471 0.402450 0.017449 0.036831
0 0.258176 0.401318 0.017850 0.036984
