2 0.803125 0.37890625 0.11640625 0.121875
2 0.35078125 0.23515625 0.0421875 0.0546875
3 0.28828125 0.24921875 0.0203125 0.0609375
3 0.325 0.29140625 0.0140625 0.06171875
3 0.30625 0.3 0.0203125 0.06015625
3 0.3390625 0.3171875 0.0140625 0.05078125
3 0.34140625 0.38203125 0.028125 0.06953125
3 0.365625 0.41875 0.0328125 0.09140625
3 0.39765625 0.43515625 0.028125 0.121875
3 0.4609375 0.5296875 0.04765625 0.13203125
3 0.62890625 0.64140625 0.06875 0.165625
3 0.86328125 0.50625 0.04375 0.1078125
3 0.9765625 0.48671875 0.046875 0.0984375
3 0.909375 0.4375 0.03359375 0.09296875
3 0.9640625 0.40078125 0.02109375 0.05234375
3 0.22734375 0.759375 0.0703125 0.13359375
3 0.95703125 0.8734375 0.0859375 0.196875
0 0.457987 0.517159 0.037571 0.104264
0 0.323153 0.286592 0.013843 0.042327
0 0.306895 0.299950 0.014003 0.042871
0 0.963220 0.408325 0.013006 0.030807
1 0.465278 0.559357 0.041974 0.060361
0 0.911587 0.430816 0.025932 0.060097
0 0.854461 0.528843 0.021711 0.049795
0 0.632700 0.640467 0.068575 0.150321
1 0.402995 0.466919 0.019084 0.046372
0 0.399897 0.438957 0.023082 0.082597
0 0.974477 0.484387 0.026427 0.082775
1 0.367107 0.433460 0.019215 0.053684
