2 0.5875 0.6234375 0.1875 0.36484375
2 0.503125 0.47109375 0.19765625 0.31484375
2 0.56015625 0.27578125 0.08671875 0.1046875
2 0.71015625 0.3484375 0.09765625 0.18984375
2 0.61171875 0.33203125 0.0953125 0.1546875
2 0.67890625 0.26171875 0.08046875 0.13515625
2 0.73515625 0.15625 0.040625 0.0703125
3 0.753125 0.653125 0.06171875 0.27109375
3 0.7109375 0.52265625 0.046875 0.2109375
3 0.29765625 0.4765625 0.07109375 0.2046875
3 0.3484375 0.515625 0.078125 0.2140625
3 0.753125 0.4328125 0.03984375 0.17109375
3 0.40390625 0.43671875 0.05 0.171875
3 0.37578125 0.39296875 0.0484375 0.128125
3 0.43828125 0.4203125 0.03828125 0.1171875
3 0.4359375 0.3515625 0.0375 0.1203125
3 0.4625 0.3515625 0.028125 0.0875
3 0.49140625 0.3140625 0.0359375 0.0953125
3 0.78203125 0.384375 0.02734375 0.11796875
2 0.659375 0.20625 0.07109375 0.1
2 0.70546875 0.17734375 0.03984375 0.06875
0 0.343055 0.509232 0.062948 0.212591
0 0.708574 0.502898 0.054883 0.167043
0 0.297379 0.465318 0.048681 0.181688
1 0.709739 0.557335 0.047960 0.142583
0 0.753842 0.583560 0.054679 0.100644
0 0.756050 0.204121 0.015470 0.024506
1 0.284861 0.506158 0.051821 0.147238
