2 0.75 0.215625 0.03359375 0.1
2 0.55703125 0.36875 0.11875 0.1734375
2 0.625 0.278125 0.08671875 0.1484375
2 0.71171875 0.1984375 0.03359375 0.07890625
3 0.6265625 0.70390625 0.0671875 0.21484375
3 0.7578125 0.58046875 0.0578125 0.2421875
3 0.68515625 0.5625 0.04765625 0.23515625
3 0.72421875 0.47421875 0.0484375 0.20390625
3 0.5328125 0.60625 0.0734375 0.278125
3 0.2703125 0.484375 0.0703125 0.20703125
3 0.3234375 0.4984375 0.06640625 0.20703125
3 0.3703125 0.52109375 0.07265625 0.22734375
3 0.4359375 0.53671875 0.0890625 0.25390625
3 0.48203125 0.3375 0.03828125 0.1265625
3 0.64296875 0.4390625 0.04765625 0.12890625
3 0.52109375 0.48125 0.0484375 0.1859375
3 0.32421875 0.39375 0.0484375 0.1203125
3 0.36015625 0.4 0.03828125 0.1171875
3 0.39296875 0.34765625 0.040625 0.1296875
3 0.4109375 0.42890625 0.04765625 0.15625
3 0.57109375 0.3984375 0.04453125 0.140625
3 0.625 0.5609375 0.0609375 0.2171875
3 0.584375 0.246875 0.0234375 0.0859375
2 0.671875 0.22578125 0.05859375 0.1125
2 0.740625 0.159375 0.03984375 0.06328125
0 0.534980 0.578443 0.063299 0.170885
0 0.633283 0.627545 0.067006 0.186289
1 0.417807 0.594075 0.056072 0.142069
0 0.570420 0.473691 0.039501 0.104652
0 0.528362 0.430725 0.038300 0.089541
1 0.358266 0.562325 0.050759 0.149884
0 0.281220 0.465575 0.050803 0.159442
0 0.780337 0.367043 0.033172 0.066313
0 0.773146 0.441892 0.038203 0.089272
0 0.688677 0.527703 0.051222 0.130922
0 0.725993 0.419834 0.038946 0.088459
0 0.491014 0.458150 0.039601 0.159618
0 0.627309 0.528149 0.062708 0.142987
