2 0.65546875 0.32734375 0.1015625 0.16328125
2 0.5953125 0.55859375 0.18828125 0.32109375
2 0.47421875 0.43046875 0.16640625 0.20078125
3 0.33203125 0.534375 0.09140625 0.20859375
3 0.28828125 0.46015625 0.06328125 0.21015625
3 0.38203125 0.4078125 0.06171875 0.16171875
3 0.709375 0.5515625 0.05625 0.18359375
3 0.69296875 0.7890625 0.0875 0.35
3 0.7203125 0.21328125 0.0203125 0.07421875
3 0.61875 0.26640625 0.03359375 0.096875
0 0.693244 0.727202 0.091271 0.236787
0 0.706148 0.555239 0.056422 0.165024
