3 0.28671875 0.3953125 0.01640625 0.05625
3 0.2703125 0.39375 0.01171875 0.04765625
3 0.259375 0.39765625 0.0171875 0.04765625
3 0.23515625 0.4015625 0.01640625 0.05078125
3 0.228125 0.3953125 0.01171875 0.04453125
3 0.26484375 0.3796875 0.01015625 0.040625
3 0.25234375 0.3765625 0.01015625 0.034375
2 0.23671875 0.38515625 0.0296875 0.0453125
2 0.215625 0.375 0.0234375 0.03984375
2 0.47265625 0.5421875 0.1796875 0.1609375
2 0.49921875 0.6765625 0.21328125 0.21796875
3 0.840625 0.484375 0.02890625 0.06953125
1 0.288067 0.406542 0.014328 0.030967
1 0.232601 0.409152 0.017262 0.034054
0 0.843106 0.474894 0.014277 0.043709
1 0.261352 0.403877 0.014305 0.034832
0 0.261013 0.400865 0.015250 0.038752
