3 0.16171875 0.5703125 0.0609375 0.10546875
3 0.40859375 0.47890625 0.059375 0.09140625
3 0.49453125 0.44921875 0.04296875 0.0890625
3 0.53359375 0.41796875 0.02734375 0.07890625
3 0.58046875 0.3796875 0.02265625 0.07109375
3 0.62421875 0.34375 0.01796875 0.05625
3 0.71875 0.34921875 0.01328125 0.06171875
3 0.78359375 0.35390625 0.01171875 0.0609375
2 0.6796875 0.31953125 0.0359375 0.04140625
2 0.7359375 0.33359375 0.0328125 0.0484375
2 0.77734375 0.3265625 0.02890625 0.06640625
2 0.74453125 0.3125 0.0265625 0.05078125
2 0.73359375 0.2671875 0.0171875 0.02890625
2 0.75703125 0.26015625 0.01171875 0.01796875
2 0.78515625 0.2859375 0.0078125 0.02109375
3 0.71171875 0.2703125 0.0078125 0.021875
3 0.784375 0.2609375 0.00546875 0.02265625
0 0.400401 0.471718 0.035252 0.071939
0 0.157960 0.559653 0.037230 0.078235
0 0.493901 0.441628 0.033883 0.070033
0 0.581943 0.377014 0.019805 0.054803
0 0.623764 0.345817 0.018083 0.047718
0 0.534137 0.413252 0.029626 0.057925
0 0.718510 0.345779 0.016216 0.043960
1 0.495518 0.471116 0.042229 0.056045
1 0.623667 0.359116 0.014266 0.030880
1 0.718780 0.360398 0.016730 0.039124
0 0.785220 0.288144 0.008904 0.017968
