3 0.40546875 0.96796875 0.0359375 0.0640625
3 0.51171875 0.80546875 0.03671875 0.14375
3 0.8375 0.92890625 0.05625 0.1421875
3 0.7578125 0.83984375 0.0453125 0.1453125
3 0.696875 0.771875 0.03515625 0.1140625
3 0.478125 0.6453125 0.02265625 0.096875
3 0.53828125 0.52265625 0.02109375 0.07578125
3 0.49609375 0.4984375 0.02109375 0.05234375
3 0.434375 0.43671875 0.01875 0.0578125
3 0.39453125 0.4234375 0.01875 0.05
3 0.37265625 0.37109375 0.01015625 0.03828125
3 0.36796875 0.3359375 0.009375 0.03671875
3 0.371875 0.309375 0.00703125 0.03125
3 0.3484375 0.31171875 0.01015625 0.0296875
2 0.48671875 0.96640625 0.07890625 0.0671875
2 0.6734375 0.95078125 0.1109375 0.09765625
2 0.73828125 0.909375 0.1546875 0.18125
2 0.6515625 0.7859375 0.09609375 0.16953125
2 0.42109375 0.65546875 0.06484375 0.14375
2 0.5171875 0.565625 0.0671875 0.1109375
2 0.41328125 0.3390625 0.02421875 0.0390625
2 0.40234375 0.32109375 0.01953125 0.0359375
2 0.38515625 0.29765625 0.0171875 0.0265625
2 0.47578125 0.4 0.03359375 0.0671875
2 0.453125 0.37109375 0.03125 0.06484375
0 0.409315 0.968981 0.033810 0.061364
0 0.495793 0.494388 0.017228 0.041511
0 0.061241 0.936533 0.032443 0.125472
0 0.477994 0.633837 0.023209 0.063978
1 0.513158 0.836358 0.026954 0.075305
0 0.512732 0.812798 0.027570 0.062593
1 0.478572 0.664673 0.018799 0.054430
0 0.635170 0.627606 0.022131 0.047723
0 0.756641 0.820854 0.040490 0.074043
0 0.694072 0.747218 0.026391 0.054991
0 0.510863 0.768825 0.027287 0.061164
1 0.680007 0.588007 0.045145 0.053395
