2 0.56953125 0.46953125 0.065625 0.08125
3 0.55703125 0.5109375 0.0296875 0.09375
3 0.4296875 0.4453125 0.01328125 0.06328125
3 0.33125 0.484375 0.03515625 0.07109375
3 0.496875 0.47109375 0.02109375 0.08046875
3 0.51796875 0.45859375 0.0203125 0.08046875
3 0.79453125 0.46640625 0.0171875 0.08203125
3 0.446875 0.41875 0.01796875 0.06015625
3 0.4875 0.44140625 0.01953125 0.0625
3 0.51640625 0.39765625 0.02421875 0.04609375
3 0.44296875 0.375 0.01484375 0.0453125
2 0.4125 0.378125 0.03203125 0.05234375
2 0.39375 0.35546875 0.028125 0.04375
2 0.3703125 0.3421875 0.0203125 0.03359375
3 0.34921875 0.3609375 0.00859375 0.03671875
3 0.38515625 0.37890625 0.01171875 0.04765625
0 0.793456 0.461457 0.018810 0.072118
1 0.792341 0.478070 0.017403 0.049108
1 0.332510 0.494903 0.026600 0.048972
1 0.555352 0.525105 0.029714 0.058328
0 0.844367 0.406581 0.011354 0.037601
0 0.554633 0.499338 0.031103 0.077651
0 0.428204 0.429294 0.014980 0.043652
1 0.430062 0.456259 0.012791 0.036680
0 0.515898 0.399533 0.018038 0.049281
