2 0.43515625 0.4984375 0.10625 0.09453125
2 0.29375 0.5609375 0.14140625 0.125
2 0.5671875 0.4515625 0.09296875 0.096875
2 0.66796875 0.42578125 0.0734375 0.07578125
2 0.73125 0.3953125 0.06875 0.0734375
3 0.125 0.61640625 0.06015625 0.11484375
3 0.0828125 0.6015625 0.04453125 0.10703125
3 0.36875 0.39453125 0.0140625 0.04375
3 0.4328125 0.37890625 0.01171875 0.04140625
3 0.4453125 0.3765625 0.01015625 0.04375
2 0.40703125 0.37421875 0.0296875 0.0390625
3 0.346875 0.37578125 0.01015625 0.040625
2 0.3421875 0.35 0.025 0.04296875
2 0.82734375 0.37890625 0.03984375 0.04921875
3 0.8171875 0.39296875 0.01484375 0.0515625
1 0.123280 0.633220 0.058340 0.070402
0 0.120819 0.598281 0.033251 0.072701
0 0.370037 0.387829 0.013793 0.033000
0 0.793659 0.370452 0.016892 0.036865
0 0.086899 0.597925 0.033305 0.075166
0 0.432593 0.385304 0.011877 0.032212
0 0.341283 0.429765 0.022336 0.037431
0 0.688676 0.385200 0.016185 0.031881
