3 0.37890625 0.95546875 0.0390625 0.0890625
3 0.37890625 0.86484375 0.02734375 0.13359375
3 0.5390625 0.9703125 0.0328125 0.05859375
3 0.58828125 0.95625 0.03984375 0.08671875
3 0.90546875 0.96015625 0.0609375 0.0796875
3 0.5234375 0.91015625 0.03203125 0.1109375
3 0.54140625 0.86640625 0.02890625 0.13203125
3 0.5828125 0.8546875 0.03046875 0.12890625
3 0.69140625 0.70703125 0.03671875 0.1046875
3 0.50546875 0.7484375 0.02734375 0.12421875
3 0.37734375 0.76640625 0.03203125 0.096875
3 0.3796875 0.70703125 0.02734375 0.09609375
3 0.3796875 0.65390625 0.02109375 0.07890625
3 0.35859375 0.61015625 0.021875 0.07890625
3 0.35859375 0.5734375 0.0203125 0.05234375
3 0.35078125 0.534375 0.0171875 0.065625
3 0.47890625 0.66171875 0.0234375 0.0890625
3 0.53046875 0.71953125 0.02578125 0.1015625
3 0.63828125 0.6484375 0.03125 0.0953125
3 0.5875 0.54921875 0.02109375 0.0703125
3 0.4296875 0.55234375 0.01484375 0.075
3 0.4125 0.509375 0.0171875 0.0671875
3 0.45078125 0.475 0.01875 0.0453125
3 0.4359375 0.43203125 0.01484375 0.0515625
3 0.38828125 0.43046875 0.01484375 0.0546875
2 0.68828125 0.92109375 0.13671875 0.1578125
2 0.72890625 0.8640625 0.13828125 0.2125
2 0.4375 0.83359375 0.08046875 0.2203125
2 0.434375 0.678125 0.07109375 0.159375
2 0.5203125 0.55390625 0.05234375 0.08515625
2 0.45625 0.53671875 0.0421875 0.08828125
2 0.39765625 0.55625 0.05 0.1015625
2 0.49296875 0.42890625 0.03671875 0.07421875
2 0.3859375 0.33828125 0.0234375 0.03984375
3 0.41171875 0.3296875 0.01640625 0.034375
2 0.403125 0.32109375 0.02109375 0.03515625
2 0.36484375 0.3109375 0.01875 0.03125
2 0.3859375 0.29765625 0.01640625 0.02578125
2 0.475 0.4 0.03046875 0.06640625
2 0.453125 0.3703125 0.03046875 0.065625
0 0.909632 0.963099 0.052895 0.073468
0 0.806253 0.980747 0.040294 0.037573
0 0.583938 0.835520 0.030178 0.083603
1 0.506874 0.775919 0.023323 0.059634
0 0.318621 0.645341 0.017893 0.071972
0 0.570172 0.692340 0.018654 0.037063
0 0.695469 0.608810 0.016850 0.073549
0 0.540121 0.827144 0.027830 0.050282
