2 0.46328125 0.83515625 0.2609375 0.32890625
2 0.9203125 0.38828125 0.0703125 0.1046875
2 0.36796875 0.2828125 0.05546875 0.06171875
2 0.3515625 0.22265625 0.0375 0.04375
3 0.8203125 0.5484375 0.0390625 0.128125
3 0.884375 0.47734375 0.0328125 0.1171875
3 0.84765625 0.421875 0.03046875 0.1015625
3 0.33125 0.27421875 0.0078125 0.04765625
3 0.3171875 0.26875 0.01953125 0.04296875
3 0.309375 0.24921875 0.015625 0.034375
0 0.851574 0.413957 0.022593 0.055420
1 0.987984 0.428242 0.019305 0.057215
0 0.881401 0.464923 0.024690 0.074938
