2 0.4515625 0.57109375 0.1453125 0.16015625
3 0.6140625 0.49296875 0.06171875 0.08125
3 0.4265625 0.4078125 0.01875 0.04296875
3 0.23203125 0.7484375 0.08515625 0.159375
3 0.02265625 0.83203125 0.0453125 0.18125
3 0.82109375 0.56171875 0.02734375 0.10546875
3 0.9640625 0.74453125 0.071875 0.1828125
3 0.75234375 0.49375 0.025 0.1046875
3 0.7828125 0.50625 0.0203125 0.0984375
3 0.809375 0.4328125 0.02421875 0.06796875
3 0.59375 0.4234375 0.03359375 0.0703125
3 0.49375 0.41015625 0.02578125 0.0609375
3 0.36640625 0.384375 0.01171875 0.04140625
3 0.3953125 0.38984375 0.0140625 0.04453125
3 0.40390625 0.36953125 0.01171875 0.0390625
3 0.41875 0.3703125 0.01171875 0.0359375
0 0.230037 0.735028 0.050102 0.131421
0 0.785654 0.492593 0.023822 0.072863
1 0.750223 0.512778 0.023218 0.055949
1 0.593527 0.430505 0.035410 0.035271
1 0.784132 0.519373 0.024175 0.062104
0 0.593477 0.411468 0.016346 0.042458
0 0.752367 0.484532 0.025820 0.072565
0 0.492875 0.400791 0.016748 0.050968
1 0.821884 0.598901 0.018026 0.049434
1 0.230390 0.779636 0.088346 0.115043
1 0.492261 0.420889 0.030813 0.032367
0 0.364526 0.385531 0.014233 0.044086
0 0.426950 0.402050 0.021548 0.048649
0 0.019271 0.816621 0.038226 0.155004
1 0.821451 0.586296 0.028567 0.073799
1 0.020750 0.855283 0.041160 0.097469
