2 0.53125 0.603125 0.21796875 0.209375
2 0.93515625 0.5203125 0.10390625 0.17265625
3 0.84921875 0.46328125 0.05546875 0.10859375
3 0.5515625 0.4890625 0.04921875 0.0640625
3 0.4546875 0.37734375 0.06484375 0.0671875
3 0.65625 0.3640625 0.04921875 0.084375
3 0.3625 0.2953125 0.01875 0.06640625
3 0.33203125 0.31796875 0.02578125 0.071875
3 0.29921875 0.26875 0.0171875 0.03984375
3 0.28984375 0.29453125 0.01953125 0.05
3 0.21953125 0.62265625 0.08203125 0.1453125
0 0.839346 0.466670 0.022435 0.051088
0 0.330514 0.304411 0.016635 0.042115
0 0.861029 0.441152 0.028162 0.054657
