3 0.37265625 0.66640625 0.0234375 0.0921875
3 0.38984375 0.8203125 0.03125 0.11328125
3 0.40234375 0.96015625 0.0328125 0.0796875
3 0.4203125 0.90078125 0.0328125 0.1546875
3 0.46015625 0.93515625 0.0359375 0.1296875
3 0.51171875 0.94609375 0.04296875 0.1078125
3 0.528125 0.89375 0.03359375 0.146875
3 0.50625 0.7453125 0.02578125 0.10625
3 0.53984375 0.8046875 0.0265625 0.1109375
3 0.56484375 0.86875 0.03515625 0.11796875
3 0.78046875 0.896875 0.03828125 0.13671875
3 0.89296875 0.95234375 0.05625 0.0953125
3 0.8375 0.946875 0.03671875 0.10546875
3 0.81484375 0.86875 0.04921875 0.10859375
3 0.73671875 0.75703125 0.0421875 0.11015625
3 0.6796875 0.68359375 0.0265625 0.06875
3 0.54375 0.659375 0.02265625 0.05703125
3 0.6234375 0.63671875 0.028125 0.09296875
3 0.3703125 0.603125 0.01953125 0.06953125
3 0.41953125 0.41796875 0.0125 0.0546875
2 0.67578125 0.9125 0.1359375 0.175
2 0.6890625 0.7796875 0.1171875 0.1765625
2 0.46484375 0.78046875 0.078125 0.1734375
2 0.57265625 0.746875 0.090625 0.1578125
2 0.596875 0.65703125 0.0703125 0.12734375
2 0.446875 0.63671875 0.06640625 0.13203125
2 0.40703125 0.5640625 0.04609375 0.11015625
2 0.38046875 0.34296875 0.02421875 0.04140625
2 0.40703125 0.3359375 0.028125 0.040625
2 0.3953125 0.31328125 0.01875 0.03515625
2 0.35234375 0.31328125 0.01640625 0.028125
3 0.34375 0.33828125 0.0125 0.02890625
0 0.418757 0.421264 0.013953 0.046556
0 0.812053 0.963278 0.028154 0.072586
0 0.388642 0.808668 0.028201 0.078193
0 0.734637 0.734008 0.022258 0.049551
0 0.527684 0.857350 0.031619 0.055604
0 0.457308 0.909855 0.022509 0.069194
0 0.461557 0.964118 0.037106 0.070805
0 0.810265 0.844638 0.023362 0.057715
0 0.512863 0.927383 0.026092 0.065475
