3 0.18671875 0.60625 0.06015625 0.10234375
2 0.396875 0.4125 0.03671875 0.05234375
3 0.33203125 0.4765625 0.01953125 0.075
3 0.36015625 0.4421875 0.0203125 0.06171875
3 0.35703125 0.38125 0.0109375 0.03671875
2 0.35078125 0.3546875 0.025 0.040625
2 0.45390625 0.47578125 0.0625 0.09921875
3 0.78515625 0.46875 0.0203125 0.0828125
3 0.9640625 0.7609375 0.071875 0.203125
0 0.177319 0.597123 0.039042 0.082446
0 0.231825 0.501231 0.015426 0.036173
1 0.783363 0.486762 0.017399 0.046243
1 0.185088 0.624726 0.059321 0.068102
0 0.356373 0.381004 0.011903 0.029770
