2 0.59296875 0.51953125 0.10390625 0.1390625
3 0.70625 0.56640625 0.04375 0.1140625
3 0.82578125 0.634375 0.0546875 0.1421875
3 0.1296875 0.58984375 0.0671875 0.1046875
3 0.28046875 0.51328125 0.046875 0.07265625
2 0.4328125 0.39921875 0.0359375 0.0578125
2 0.35234375 0.36875 0.02109375 0.03984375
3 0.39140625 0.36875 0.00859375 0.0421875
2 0.4125 0.3640625 0.03046875 0.04765625
2 0.8203125 0.371875 0.04140625 0.05078125
0 0.704984 0.553675 0.032776 0.087720
0 0.231569 0.502651 0.015384 0.035653
0 0.391613 0.368757 0.013367 0.040045
1 0.823881 0.654722 0.057589 0.088174
0 0.819927 0.614983 0.044820 0.110063
0 0.105380 0.577413 0.015733 0.052243
