2 0.18359375 0.6921875 0.2078125 0.2109375
2 0.4734375 0.5265625 0.1171875 0.1265625
2 0.66953125 0.44453125 0.0765625 0.13125
2 0.59296875 0.3875 0.06875 0.09375
3 0.615625 0.678125 0.0546875 0.209375
3 0.6453125 0.353125 0.0203125 0.06875
3 0.63125 0.390625 0.01796875 0.078125
3 0.7578125 0.3765625 0.01796875 0.0671875
3 0.7671875 0.328125 0.0125 0.0609375
2 0.68671875 0.3328125 0.03984375 0.0546875
2 0.05390625 0.90625 0.10703125 0.18671875
0 0.645086 0.354654 0.015116 0.052030
0 0.614756 0.628168 0.050432 0.100369
0 0.758578 0.379925 0.017182 0.064294
