3 0.41015625 0.9671875 0.0359375 0.065625
3 0.5484375 0.946875 0.03828125 0.10625
3 0.6046875 0.96796875 0.040625 0.0640625
3 0.53515625 0.871875 0.034375 0.103125
3 0.38984375 0.82890625 0.03671875 0.1234375
3 0.37265625 0.72578125 0.0265625 0.09765625
3 0.90625 0.95390625 0.06484375 0.09140625
3 0.8203125 0.90546875 0.04609375 0.1359375
3 0.76953125 0.8375 0.040625 0.134375
3 0.70859375 0.734375 0.034375 0.09453125
3 0.56015625 0.68515625 0.03046875 0.09609375
3 0.58515625 0.559375 0.025 0.0734375
3 0.51875 0.4859375 0.02109375 0.06328125
3 0.47109375 0.43046875 0.01484375 0.0515625
3 0.45078125 0.40234375 0.01171875 0.03984375
3 0.359375 0.43515625 0.02109375 0.05859375
3 0.3578125 0.28984375 0.00703125 0.0203125
3 0.34140625 0.28359375 0.00703125 0.0234375
2 0.81328125 0.95859375 0.13359375 0.0828125
2 0.71484375 0.84375 0.12421875 0.2046875
2 0.60234375 0.84765625 0.109375 0.203125
2 0.46484375 0.88046875 0.09765625 0.23828125
2 0.428125 0.74296875 0.06484375 0.15390625
2 0.51640625 0.709375 0.08359375 0.16171875
2 0.41484375 0.63984375 0.05390625 0.1078125
2 0.4796875 0.61328125 0.0609375 0.12109375
2 0.62421875 0.6984375 0.07109375 0.12421875
2 0.5828125 0.6375 0.071875 0.10234375
2 0.54296875 0.5671875 0.0546875 0.08671875
2 0.50078125 0.51484375 0.046875 0.07734375
2 0.38515625 0.509375 0.03671875 0.0734375
2 0.43515625 0.44296875 0.040625 0.0640625
2 0.4453125 0.53515625 0.05546875 0.12421875
2 0.421875 0.39375 0.0328125 0.05390625
2 0.39765625 0.35625 0.02734375 0.046875
2 0.4625 0.38125 0.03125 0.059375
0 0.373599 0.721244 0.023132 0.071281
1 0.373891 0.750209 0.022193 0.056239
0 0.409519 0.969190 0.031184 0.060933
0 0.767752 0.800129 0.033406 0.051929
0 0.710007 0.721893 0.025566 0.057173
0 0.562298 0.680941 0.026612 0.076262
