2 0.67578125 0.41796875 0.08828125 0.06953125
2 0.534375 0.42109375 0.08828125 0.0671875
2 0.35 0.496875 0.090625 0.09921875
2 0.4625 0.3859375 0.0515625 0.05625
2 0.37421875 0.3921875 0.03046875 0.05
2 0.815625 0.384375 0.06171875 0.08046875
3 0.665625 0.49140625 0.0359375 0.103125
3 0.86015625 0.6203125 0.0390625 0.14453125
3 0.73671875 0.4046875 0.021875 0.0640625
3 0.75 0.39765625 0.01484375 0.059375
3 0.7828125 0.39375 0.01484375 0.0578125
3 0.6171875 0.41015625 0.028125 0.0640625
2 0.578125 0.4015625 0.07265625 0.0640625
3 0.39453125 0.4109375 0.01015625 0.0515625
3 0.37109375 0.43671875 0.01953125 0.04453125
3 0.4265625 0.37421875 0.0109375 0.0453125
1 0.665475 0.505222 0.029271 0.054942
0 0.341341 0.433317 0.022806 0.043269
0 0.369433 0.436746 0.014355 0.048554
0 0.667957 0.479077 0.022110 0.066297
0 0.394199 0.411297 0.013690 0.048451
0 0.782545 0.397467 0.017766 0.050798
0 0.741054 0.404137 0.028796 0.059974
