2 0.27578125 0.603125 0.26640625 0.34140625
2 0.55546875 0.321875 0.11171875 0.16015625
2 0.678125 0.22578125 0.06484375 0.0984375
2 0.734375 0.2921875 0.06484375 0.153125
3 0.50546875 0.65078125 0.07578125 0.28046875
3 0.3828125 0.6546875 0.08828125 0.28125
3 0.60390625 0.65390625 0.06640625 0.2875
3 0.6765625 0.7953125 0.0734375 0.35078125
3 0.709375 0.61171875 0.0734375 0.27265625
3 0.75234375 0.5015625 0.040625 0.1875
3 0.64921875 0.346875 0.040625 0.084375
3 0.6859375 0.30625 0.02890625 0.0890625
3 0.728125 0.36796875 0.02578125 0.140625
3 0.75546875 0.40546875 0.03828125 0.121875
3 0.78671875 0.403125 0.021875 0.16484375
2 0.7515625 0.14296875 0.04453125 0.08984375
0 0.512074 0.625966 0.075334 0.225990
0 0.757358 0.402516 0.035556 0.080797
1 0.384214 0.693153 0.090214 0.226268
0 0.386981 0.592436 0.060547 0.142207
