2 0.0703125 0.65546875 0.1375 0.12109375
2 0.56484375 0.503125 0.08125 0.11171875
3 0.41015625 0.525 0.03046875 0.09140625
3 0.47890625 0.41328125 0.01796875 0.06015625
3 0.50625 0.43671875 0.01796875 0.07109375
3 0.58828125 0.47265625 0.02421875 0.0765625
3 0.653125 0.49375 0.0296875 0.08203125
3 0.6578125 0.5375 0.03515625 0.1015625
3 0.7734375 0.46640625 0.01953125 0.08203125
3 0.8109375 0.578125 0.03125 0.12734375
3 0.84609375 0.6546875 0.04296875 0.16328125
3 0.91640625 0.665625 0.0546875 0.12109375
2 0.95625 0.78984375 0.0875 0.209375
2 0.4109375 0.3796875 0.02890625 0.05
2 0.38359375 0.35390625 0.02421875 0.0328125
1 0.656907 0.553108 0.035334 0.069575
1 0.410840 0.543747 0.025084 0.060145
0 0.583855 0.453112 0.015572 0.036192
0 0.659247 0.524548 0.026634 0.081859
1 0.509318 0.446552 0.016195 0.038753
0 0.231140 0.499072 0.015246 0.033756
1 0.811720 0.602343 0.031652 0.086989
0 0.507578 0.422734 0.015285 0.044674
0 0.812991 0.446463 0.013023 0.071174
0 0.773637 0.440432 0.016802 0.032501
0 0.409970 0.516418 0.023348 0.075685
1 0.772056 0.481481 0.016062 0.048472
0 0.434437 0.373635 0.015011 0.038252
1 0.847537 0.661587 0.049340 0.172142
0 0.477298 0.421732 0.012970 0.039168
0 0.532833 0.418935 0.013956 0.039104
0 0.651982 0.484700 0.026380 0.060339
