2 0.24765625 0.60234375 0.15859375 0.13046875
2 0.70703125 0.4171875 0.06796875 0.06171875
2 0.59609375 0.446875 0.07734375 0.0875
3 0.65 0.41328125 0.0234375 0.05859375
3 0.81796875 0.4015625 0.02421875 0.05390625
3 0.39921875 0.37265625 0.01328125 0.04453125
3 0.41640625 0.37421875 0.01171875 0.04296875
3 0.3828125 0.3578125 0.01015625 0.03828125
3 0.175 0.56171875 0.04609375 0.08046875
1 0.569816 0.764182 0.075676 0.124947
0 0.566024 0.695907 0.063169 0.158207
0 0.648458 0.407244 0.018771 0.041843
0 0.337682 0.430841 0.013442 0.036857
0 0.170100 0.550180 0.018671 0.051159
