2 0.63515625 0.29453125 0.0984375 0.15546875
2 0.13203125 0.7109375 0.26328125 0.53359375
3 0.54609375 0.63125 0.0671875 0.2546875
3 0.71875 0.71484375 0.07421875 0.28046875
3 0.62265625 0.66796875 0.078125 0.30859375
3 0.44609375 0.621875 0.08828125 0.26640625
3 0.728125 0.54609375 0.05625 0.17109375
3 0.61484375 0.5515625 0.06171875 0.2328125
3 0.640625 0.45546875 0.0546875 0.1890625
3 0.7359375 0.45546875 0.05234375 0.1796875
3 0.7828125 0.43359375 0.03125 0.1703125
3 0.74296875 0.371875 0.03984375 0.1015625
2 0.73046875 0.33828125 0.0921875 0.15
2 0.634375 0.2296875 0.07578125 0.1109375
2 0.70625 0.23359375 0.05390625 0.1078125
2 0.69453125 0.1890625 0.04921875 0.07421875
2 0.73671875 0.15625 0.04140625 0.05078125
2 0.759375 0.1421875 0.01875 0.06015625
3 0.73828125 0.20625 0.0234375 0.07734375
1 0.717339 0.762891 0.079219 0.183701
0 0.455630 0.586744 0.064558 0.187107
1 0.544141 0.664186 0.065146 0.199286
1 0.438274 0.669034 0.073523 0.172871
0 0.613152 0.489835 0.052756 0.097573
0 0.716029 0.690287 0.076954 0.206870
1 0.614611 0.721026 0.062226 0.197508
0 0.738208 0.518390 0.040212 0.072056
