2 0.4421875 0.4390625 0.15859375 0.24375
2 0.58359375 0.32578125 0.121875 0.1890625
2 0.66875 0.2640625 0.0640625 0.11640625
3 0.5359375 0.61875 0.0796875 0.28046875
3 0.3015625 0.46484375 0.0890625 0.21328125
3 0.71015625 0.18046875 0.015625 0.06640625
3 0.6453125 0.690625 0.09453125 0.30078125
2 0.76953125 0.128125 0.025 0.04921875
3 0.35078125 0.41328125 0.0609375 0.17265625
0 0.531699 0.662040 0.071027 0.198353
0 0.301645 0.442102 0.037820 0.149524
0 0.672040 0.584298 0.028459 0.085472
0 0.647609 0.670893 0.092610 0.228670
0 0.562214 0.553958 0.025504 0.141784
0 0.548175 0.576064 0.041350 0.136450
