3 0.3265625 0.51328125 0.06015625 0.0890625
3 0.47265625 0.446875 0.0421875 0.0953125
3 0.64375 0.36875 0.01875 0.0640625
3 0.690625 0.38984375 0.0390625 0.08203125
3 0.74921875 0.33984375 0.0140625 0.05625
2 0.77890625 0.3359375 0.0296875 0.053125
2 0.72890625 0.31875 0.03203125 0.0546875
2 0.69375 0.309375 0.03046875 0.04296875
2 0.72265625 0.2734375 0.0171875 0.0296875
2 0.73515625 0.26953125 0.01484375 0.0234375
2 0.75546875 0.2609375 0.0125 0.0171875
0 0.778811 0.298281 0.010740 0.023564
0 0.470100 0.443537 0.034394 0.068555
0 0.337310 0.516943 0.022970 0.056446
0 0.692033 0.387361 0.022309 0.058642
0 0.642437 0.354461 0.015079 0.027998
1 0.642748 0.384162 0.016690 0.039637
