2 0.9703125 0.390625 0.0546875 0.06953125
2 0.3609375 0.253125 0.04921875 0.05234375
3 0.90703125 0.41015625 0.03203125 0.09296875
3 0.7375 0.4390625 0.065625 0.1140625
3 0.62109375 0.47578125 0.0765625 0.12890625
3 0.53125 0.44453125 0.06484375 0.1046875
3 0.46875 0.525 0.075 0.12578125
3 0.41953125 0.4890625 0.0796875 0.11640625
3 0.27890625 0.52578125 0.08046875 0.11015625
3 0.35078125 0.6640625 0.10234375 0.1453125
3 0.2609375 0.8 0.09296875 0.14609375
3 0.9125 0.87734375 0.10078125 0.14375
3 0.3359375 0.34296875 0.0265625 0.06953125
3 0.3109375 0.30234375 0.02265625 0.0875
3 0.309375 0.225 0.01484375 0.0484375
0 0.901474 0.906417 0.108487 0.185864
0 0.907467 0.402245 0.020953 0.062772
0 0.263633 0.802648 0.080817 0.140411
0 0.352592 0.657249 0.071559 0.122371
0 0.993988 0.441036 0.011309 0.043738
0 0.278282 0.522338 0.028787 0.066377
