2 0.05703125 0.65703125 0.10859375 0.1359375
2 0.690625 0.4046875 0.05546875 0.05546875
2 0.7609375 0.39296875 0.05625 0.05078125
3 0.5515625 0.4296875 0.03515625 0.0671875
3 0.48515625 0.425 0.0265625 0.0640625
3 0.69453125 0.44921875 0.0296875 0.07890625
3 0.765625 0.4375 0.02421875 0.07421875
3 0.9703125 0.7296875 0.059375 0.18515625
2 0.8078125 0.4078125 0.053125 0.06640625
2 0.81875 0.37265625 0.059375 0.06640625
2 0.371875 0.3421875 0.02421875 0.03046875
3 0.365625 0.4390625 0.0171875 0.065625
1 0.486070 0.434944 0.024425 0.030727
1 0.766731 0.450535 0.024894 0.049922
0 0.365336 0.443077 0.016161 0.056660
0 0.549762 0.419649 0.019597 0.046904
0 0.485033 0.420616 0.018860 0.038317
0 0.768196 0.432581 0.025283 0.060246
1 0.548786 0.439404 0.037894 0.044103
