2 0.475 0.94609375 0.09296875 0.10703125
2 0.67109375 0.8953125 0.12890625 0.20859375
2 0.7703125 0.8890625 0.13984375 0.22109375
3 0.66875 0.74296875 0.034375 0.10546875
3 0.6984375 0.71484375 0.03671875 0.09140625
3 0.734375 0.7546875 0.02578125 0.0859375
3 0.51953125 0.603125 0.03203125 0.08359375
3 0.559375 0.5671875 0.025 0.0734375
3 0.40546875 0.390625 0.0109375 0.046875
3 0.38359375 0.328125 0.009375 0.0390625
3 0.321875 0.253125 0.00703125 0.0171875
3 0.31953125 0.22578125 0.00546875 0.015625
3 0.33046875 0.22578125 0.00390625 0.01171875
2 0.496875 0.4453125 0.04609375 0.06796875
2 0.4625 0.384375 0.03125 0.05703125
2 0.44609375 0.3625 0.028125 0.05625
2 0.4125 0.34140625 0.025 0.0390625
2 0.32421875 0.2734375 0.01328125 0.0234375
2 0.34140625 0.25390625 0.01953125 0.04375
0 0.692000 0.714915 0.022380 0.083046
0 0.523338 0.587043 0.016869 0.044595
0 0.670924 0.733847 0.027405 0.075189
0 0.328533 0.549119 0.011392 0.034241
