2 0.73984375 0.28046875 0.06171875 0.14921875
2 0.5875 0.62109375 0.1875 0.36015625
2 0.503125 0.47109375 0.19765625 0.315625
2 0.6125 0.33125 0.09375 0.15625
3 0.753125 0.6515625 0.06171875 0.27421875
3 0.7140625 0.52109375 0.046875 0.2140625
3 0.34765625 0.52578125 0.07890625 0.19921875
3 0.29375 0.48046875 0.07109375 0.2046875
3 0.58046875 0.26953125 0.03203125 0.10234375
3 0.528125 0.29765625 0.03203125 0.065625
3 0.40703125 0.4359375 0.05625 0.171875
3 0.371875 0.4015625 0.04453125 0.134375
0 0.710356 0.500038 0.058956 0.171735
0 0.340448 0.517445 0.064583 0.186495
1 0.713177 0.559835 0.044678 0.129190
0 0.607909 0.814410 0.070193 0.206096
0 0.755499 0.571848 0.049985 0.113712
1 0.749112 0.699726 0.053961 0.175718
0 0.295563 0.468749 0.044204 0.177058
