3 0.46875 0.86640625 0.09609375 0.26640625
3 0.44140625 0.71796875 0.07109375 0.2140625
3 0.39765625 0.52421875 0.04921875 0.1265625
3 0.55390625 0.559375 0.040625 0.15859375
3 0.53203125 0.4765625 0.03046875 0.11484375
3 0.6390625 0.4375 0.02109375 0.10859375
3 0.71328125 0.4734375 0.0328125 0.128125
3 0.66953125 0.384375 0.0171875 0.090625
3 0.68203125 0.36484375 0.0203125 0.07265625
2 0.71640625 0.3921875 0.0578125 0.11796875
2 0.18203125 0.57578125 0.146875 0.13203125
2 0.77734375 0.340625 0.034375 0.06484375
2 0.7296875 0.32265625 0.0328125 0.03984375
0 0.447159 0.660495 0.053966 0.081171
0 0.492142 0.837829 0.064133 0.194639
0 0.556549 0.537474 0.040063 0.104432
0 0.716633 0.462184 0.028803 0.083594
0 0.396589 0.523680 0.035618 0.093059
0 0.527711 0.472981 0.028934 0.083599
0 0.669939 0.400096 0.016038 0.050388
0 0.642647 0.425367 0.028283 0.064406
0 0.469353 0.830032 0.064723 0.109341
1 0.527874 0.508965 0.027538 0.073072
0 0.683786 0.345373 0.017341 0.034071
1 0.556384 0.594722 0.037159 0.092685
0 0.457575 0.716763 0.039027 0.081052
