2 0.40234375 0.8109375 0.228125 0.365625
3 0.26640625 0.7359375 0.0734375 0.20390625
3 0.30390625 0.5203125 0.04765625 0.1203125
3 0.42265625 0.47109375 0.04609375 0.08828125
2 0.7 0.521875 0.0890625 0.20078125
2 0.5734375 0.35078125 0.059375 0.0609375
2 0.70703125 0.40234375 0.05703125 0.08984375
2 0.71953125 0.34765625 0.04140625 0.05625
2 0.68125 0.30859375 0.0390625 0.06328125
2 0.56328125 0.49296875 0.14453125 0.2640625
3 0.64375 0.43515625 0.021875 0.0921875
3 0.7546875 0.35546875 0.01171875 0.05859375
3 0.74375 0.446875 0.01875 0.09140625
3 0.7609375 0.32421875 0.0109375 0.04140625
2 0.78046875 0.29609375 0.01953125 0.03984375
2 0.71328125 0.28828125 0.02421875 0.028125
2 0.734375 0.27421875 0.01953125 0.028125
3 0.628125 0.33828125 0.01328125 0.040625
0 0.423335 0.457805 0.035079 0.064592
0 0.744407 0.430837 0.017867 0.036567
0 0.628356 0.341789 0.013690 0.037186
0 0.305449 0.522788 0.021618 0.048136
0 0.645457 0.409206 0.021309 0.034192
0 0.756809 0.341433 0.014785 0.027040
