2 0.165625 0.684375 0.33046875 0.49921875
2 0.68125 0.43828125 0.14609375 0.27890625
3 0.70234375 0.70546875 0.06484375 0.28125
3 0.4609375 0.5578125 0.0640625 0.2546875
3 0.57890625 0.61953125 0.06484375 0.259375
3 0.51640625 0.59375 0.06796875 0.29375
3 0.759375 0.51953125 0.0484375 0.2171875
2 0.61640625 0.23046875 0.1640625 0.27421875
3 0.56484375 0.4984375 0.040625 0.21015625
3 0.60390625 0.41953125 0.03671875 0.153125
3 0.6359375 0.371875 0.0375 0.1390625
3 0.703125 0.5984375 0.06015625 0.24921875
3 0.77265625 0.421875 0.03515625 0.12265625
3 0.7125 0.2125 0.0203125 0.084375
2 0.7046875 0.18515625 0.028125 0.08828125
2 0.72890625 0.1546875 0.0390625 0.06875
2 0.75234375 0.2390625 0.02578125 0.06640625
2 0.74140625 0.334375 0.07109375 0.1375
1 0.757373 0.559205 0.048566 0.142811
0 0.640869 0.343700 0.030894 0.066384
0 0.711382 0.545760 0.049868 0.114838
0 0.461589 0.492857 0.047649 0.113189
0 0.606307 0.389099 0.038342 0.081917
0 0.587639 0.552516 0.044783 0.080303
0 0.541221 0.492606 0.028320 0.091991
