2 0.22109375 0.36171875 0.04375 0.0921875
2 0.215625 0.334375 0.03515625 0.05
2 0.19296875 0.35625 0.01953125 0.03671875
2 0.240625 0.390625 0.0359375 0.05859375
3 0.4796875 0.5171875 0.0578125 0.10234375
3 0.70859375 0.49609375 0.0359375 0.08046875
3 0.83203125 0.4984375 0.02265625 0.06796875
0 0.595592 0.559727 0.030121 0.101600
1 0.477884 0.537456 0.054090 0.053565
0 0.481252 0.512479 0.027669 0.075080
0 0.546322 0.436985 0.019556 0.058826
0 0.795227 0.480981 0.012591 0.041856
1 0.593829 0.599743 0.016730 0.065608
