3 0.33828125 0.7015625 0.04453125 0.1890625
3 0.4171875 0.703125 0.04375 0.17890625
3 0.4578125 0.6296875 0.0421875 0.15859375
3 0.40234375 0.55859375 0.034375 0.11953125
3 0.33671875 0.5515625 0.03671875 0.1234375
3 0.2546875 0.52890625 0.025 0.0984375
3 0.17578125 0.64765625 0.03828125 0.1515625
3 0.2140625 0.4921875 0.0234375 0.09140625
3 0.34140625 0.49453125 0.02265625 0.09375
3 0.2890625 0.39921875 0.01328125 0.053125
3 0.25859375 0.428125 0.01640625 0.0515625
3 0.26796875 0.4828125 0.01875 0.08046875
3 0.24296875 0.46171875 0.0171875 0.07109375
3 0.1921875 0.428125 0.0125 0.05546875
3 0.1765625 0.39765625 0.0109375 0.0421875
3 0.2265625 0.375 0.009375 0.04140625
0 0.257773 0.423583 0.013984 0.038445
0 0.211351 0.478034 0.023687 0.061853
1 0.179761 0.683476 0.031956 0.068697
1 0.255442 0.557957 0.026408 0.046253
