2 0.62578125 0.49609375 0.17265625 0.2984375
2 0.4 0.46015625 0.18359375 0.278125
2 0.7109375 0.34375 0.08671875 0.15
2 0.6140625 0.28046875 0.07578125 0.11875
2 0.5265625 0.35234375 0.09453125 0.153125
3 0.6765625 0.7265625 0.08203125 0.31875
3 0.4765625 0.528125 0.0703125 0.2328125
3 0.7421875 0.54296875 0.07265625 0.22734375
3 0.61328125 0.671875 0.0875 0.26640625
3 0.29140625 0.47578125 0.0796875 0.21328125
3 0.34296875 0.390625 0.040625 0.11796875
3 0.5234375 0.4515625 0.046875 0.18125
3 0.5671875 0.3953125 0.04140625 0.16015625
3 0.75234375 0.4234375 0.0375 0.13359375
3 0.78125 0.390625 0.02890625 0.134375
3 0.55625 0.2578125 0.0265625 0.0859375
3 0.609375 0.3453125 0.034375 0.10546875
3 0.63671875 0.3046875 0.028125 0.09765625
3 0.66640625 0.290625 0.02578125 0.12421875
3 0.6921875 0.2609375 0.02578125 0.096875
2 0.66015625 0.2234375 0.0578125 0.09296875
2 0.69296875 0.19140625 0.0375 0.0671875
0 0.294011 0.471831 0.047701 0.196874
0 0.610970 0.664264 0.078714 0.250245
1 0.470744 0.567915 0.061308 0.156945
0 0.671645 0.683840 0.092393 0.226288
0 0.569337 0.373536 0.041636 0.088921
1 0.738885 0.580831 0.067335 0.152531
0 0.615188 0.205152 0.018409 0.040917
0 0.343497 0.388694 0.044458 0.110799
0 0.762518 0.406111 0.048893 0.095731
0 0.474138 0.505077 0.056140 0.185607
