3 0.5171875 0.59921875 0.02734375 0.11484375
3 0.65859375 0.73125 0.0625 0.17578125
3 0.8109375 0.65625 0.053125 0.15546875
3 0.575 0.59921875 0.0390625 0.12578125
3 0.66953125 0.51796875 0.021875 0.1015625
3 0.6921875 0.44609375 0.02109375 0.0703125
3 0.72265625 0.39296875 0.02734375 0.04765625
3 0.46328125 0.51328125 0.02578125 0.0921875
3 0.45234375 0.54921875 0.02109375 0.09921875
3 0.4328125 0.58359375 0.02578125 0.11796875
3 0.4109375 0.6171875 0.03046875 0.11484375
3 0.80859375 0.38671875 0.01796875 0.05234375
3 0.37109375 0.44453125 0.01484375 0.06171875
3 0.396875 0.43671875 0.0109375 0.05703125
3 0.40625 0.44921875 0.015625 0.06796875
3 0.425 0.45390625 0.01640625 0.07421875
3 0.4375 0.43828125 0.0140625 0.06328125
2 0.4078125 0.41171875 0.03984375 0.06796875
2 0.39921875 0.3625 0.0265625 0.04453125
3 0.36328125 0.3734375 0.0125 0.04296875
3 0.346875 0.36953125 0.0109375 0.0390625
0 0.515017 0.585579 0.030310 0.096191
0 0.575047 0.593120 0.035707 0.110372
0 0.810832 0.642264 0.036564 0.108428
0 0.411005 0.603929 0.025457 0.090806
1 0.411921 0.645910 0.025087 0.063185
0 0.656275 0.715045 0.046063 0.114228
1 0.666850 0.537362 0.018887 0.047546
1 0.516428 0.626976 0.025205 0.059681
1 0.433603 0.617340 0.021405 0.056081
0 0.668436 0.504985 0.022313 0.062124
0 0.692329 0.444060 0.018450 0.059553
0 0.459749 0.496940 0.020131 0.047986
0 0.448915 0.534238 0.022318 0.056975
0 0.431639 0.574793 0.025533 0.070514
0 0.820427 0.373947 0.015241 0.047600
1 0.454936 0.594271 0.014068 0.032646
1 0.465419 0.540488 0.018823 0.045109
0 0.809309 0.382440 0.014600 0.040928
1 0.657613 0.754828 0.057743 0.139110
1 0.666739 0.782469 0.039243 0.083425
1 0.815119 0.693983 0.028891 0.064588
0 0.452904 0.580348 0.018887 0.056954
0 0.231644 0.501933 0.017072 0.039812
1 0.579034 0.633064 0.026693 0.061313
