2 0.4984375 0.35546875 0.11953125 0.16640625
2 0.596875 0.54453125 0.16796875 0.3140625
2 0.7046875 0.3734375 0.10234375 0.20078125
3 0.153125 0.79609375 0.14375 0.340625
3 0.659375 0.71484375 0.0828125 0.31953125
3 0.434375 0.646875 0.071875 0.29296875
3 0.50625 0.53203125 0.05625 0.225
3 0.746875 0.634375 0.0625 0.27109375
3 0.7265625 0.1734375 0.01875 0.0640625
3 0.690625 0.5734375 0.0546875 0.21953125
3 0.76953125 0.4140625 0.040625 0.15703125
3 0.684375 0.2921875 0.03984375 0.12890625
3 0.74453125 0.47578125 0.0453125 0.1921875
2 0.75234375 0.28125 0.06875 0.15234375
2 0.77421875 0.12109375 0.028125 0.0515625
0 0.149018 0.748805 0.070751 0.250039
1 0.432593 0.701225 0.067676 0.183555
0 0.691576 0.547778 0.052985 0.153225
0 0.749749 0.468103 0.051361 0.145174
1 0.739963 0.684457 0.069758 0.165611
0 0.507876 0.502309 0.039959 0.156537
0 0.437041 0.609009 0.063288 0.217403
0 0.741282 0.622704 0.073195 0.204416
0 0.727126 0.168604 0.015554 0.036419
1 0.654213 0.774070 0.073241 0.204068
0 0.663486 0.677999 0.067948 0.204263
0 0.654833 0.772381 0.074921 0.201784
