3 0.4703125 0.74765625 0.115625 0.3203125
3 0.43046875 0.584375 0.04765625 0.13046875
3 0.365625 0.53515625 0.040625 0.14140625
3 0.26171875 0.4953125 0.0375 0.1078125
3 0.19296875 0.42734375 0.021875 0.0765625
3 0.284375 0.38984375 0.0171875 0.05390625
3 0.68046875 0.5359375 0.03046875 0.10078125
3 0.75078125 0.50859375 0.0265625 0.08046875
3 0.81015625 0.5875 0.0390625 0.10703125
3 0.83984375 0.4859375 0.02890625 0.06171875
2 0.240625 0.390625 0.0359375 0.05703125
2 0.1796875 0.33203125 0.015625 0.0265625
2 0.19375 0.35625 0.0203125 0.03828125
2 0.22109375 0.36171875 0.04453125 0.08828125
2 0.21640625 0.334375 0.03671875 0.04921875
2 0.86171875 0.93828125 0.2765625 0.1234375
1 0.474064 0.807713 0.099125 0.178113
0 0.363263 0.528367 0.028253 0.090294
0 0.679778 0.530340 0.027355 0.069664
0 0.258822 0.465776 0.020570 0.030662
0 0.492175 0.735912 0.054600 0.154978
0 0.430706 0.577670 0.039587 0.103726
0 0.194162 0.412226 0.012996 0.027179
0 0.283216 0.397736 0.014903 0.040361
0 0.755671 0.505105 0.017390 0.049673
1 0.364829 0.566088 0.027554 0.058264
0 0.860345 0.943434 0.277223 0.112287
1 0.677049 0.558099 0.024868 0.051048
