2 0.4328125 0.484375 0.1734375 0.26328125
2 0.57265625 0.31171875 0.12421875 0.1890625
2 0.65546875 0.2484375 0.06015625 0.1046875
2 0.621875 0.47890625 0.1421875 0.28359375
2 0.7140625 0.35703125 0.09296875 0.16953125
3 0.66484375 0.746875 0.075 0.3
3 0.54921875 0.6875 0.0765625 0.28046875
3 0.50546875 0.503125 0.06171875 0.23046875
3 0.7453125 0.52734375 0.04765625 0.221875
3 0.225 0.484375 0.090625 0.19453125
3 0.290625 0.46875 0.0671875 0.19375
3 0.32734375 0.4921875 0.06875 0.20546875
3 0.35234375 0.3984375 0.06171875 0.1234375
3 0.41953125 0.35390625 0.0484375 0.09140625
3 0.44375 0.31796875 0.0390625 0.0875
3 0.7 0.571875 0.0546875 0.228125
3 0.715625 0.4375 0.03671875 0.1421875
3 0.76875 0.41484375 0.03515625 0.15234375
3 0.79296875 0.38828125 0.015625 0.13046875
3 0.71640625 0.15625 0.01875 0.0609375
3 0.6515625 0.1828125 0.0203125 0.034375
2 0.75546875 0.234375 0.02421875 0.1015625
0 0.774529 0.404135 0.046012 0.129499
0 0.717588 0.153534 0.015106 0.046852
0 0.715178 0.428022 0.038993 0.112494
0 0.671635 0.662775 0.068186 0.127678
0 0.564501 0.524914 0.040741 0.105713
0 0.703838 0.529986 0.056633 0.105829
0 0.375854 0.428128 0.037850 0.066018
0 0.502680 0.483768 0.055193 0.148952
0 0.703600 0.587737 0.059537 0.219853
0 0.663651 0.754239 0.083917 0.310313
