2 0.5890625 0.53984375 0.15859375 0.28984375
2 0.725 0.38203125 0.1140625 0.20859375
2 0.65703125 0.3109375 0.08671875 0.125
2 0.58203125 0.29140625 0.1 0.1390625
2 0.47421875 0.428125 0.1671875 0.18359375
3 0.44453125 0.57109375 0.08125 0.228125
3 0.3265625 0.53359375 0.078125 0.21640625
3 0.29609375 0.471875 0.0640625 0.19140625
3 0.371875 0.3953125 0.0484375 0.1328125
3 0.41328125 0.3484375 0.04140625 0.1421875
3 0.49453125 0.2984375 0.0265625 0.07890625
3 0.52109375 0.47890625 0.03984375 0.16796875
3 0.690625 0.79609375 0.09609375 0.3453125
3 0.709375 0.55234375 0.06015625 0.20390625
3 0.75546875 0.44453125 0.03671875 0.1546875
2 0.71875 0.1828125 0.059375 0.096875
