2 0.37265625 0.78671875 0.35546875 0.42421875
2 0.7078125 0.35703125 0.11328125 0.19453125
3 0.66953125 0.2609375 0.02421875 0.10546875
3 0.7078125 0.56171875 0.0484375 0.21640625
3 0.57109375 0.3578125 0.040625 0.159375
3 0.63125 0.84921875 0.109375 0.3
3 0.771875 0.42265625 0.03984375 0.171875
3 0.06875 0.88671875 0.1375 0.2265625
2 0.73359375 0.23125 0.06484375 0.09375
0 0.670763 0.258588 0.024998 0.096860
1 0.569954 0.383873 0.040720 0.103618
0 0.572813 0.336536 0.045402 0.126512
0 0.708902 0.522792 0.047711 0.120994
1 0.708519 0.606257 0.050312 0.165049
