3 0.9625 0.86015625 0.075 0.2140625
3 0.6703125 0.77734375 0.09609375 0.21484375
3 0.4578125 0.47265625 0.03359375 0.09375
3 0.40625 0.47109375 0.04375 0.1
2 0.553125 0.61015625 0.1421875 0.17421875
2 0.234375 0.40234375 0.03203125 0.053125
2 0.265625 0.38515625 0.0328125 0.0453125
1 0.672162 0.588444 0.043977 0.067649
0 0.676841 0.754715 0.053306 0.159791
0 0.973115 0.852260 0.043417 0.131551
1 0.456943 0.486109 0.024406 0.052948
1 0.519235 0.499753 0.034121 0.053242
1 0.414199 0.491934 0.022000 0.050044
0 0.413639 0.470892 0.024561 0.064888
0 0.516680 0.474179 0.026936 0.073268
0 0.670854 0.555444 0.032227 0.084817
0 0.459331 0.464764 0.024912 0.059017
