2 0.7359375 0.40078125 0.06640625 0.0640625
2 0.48125 0.48125 0.103125 0.08984375
3 0.1953125 0.59296875 0.06484375 0.10625
3 0.2703125 0.55 0.04375 0.09921875
3 0.3109375 0.5203125 0.046875 0.08515625
3 0.39453125 0.5203125 0.0453125 0.09609375
3 0.56875 0.46328125 0.02734375 0.07421875
3 0.65546875 0.421875 0.02578125 0.065625
3 0.52890625 0.4359375 0.03046875 0.06171875
3 0.81953125 0.375 0.01796875 0.05859375
3 0.40859375 0.37578125 0.00859375 0.04296875
3 0.4203125 0.3734375 0.0109375 0.0421875
3 0.39140625 0.34453125 0.03203125 0.07734375
0 0.394624 0.510544 0.032574 0.071670
0 0.528733 0.433642 0.023881 0.053107
0 0.571476 0.456682 0.023576 0.056302
0 0.191491 0.583450 0.036003 0.089261
1 0.570213 0.482776 0.029263 0.045395
0 0.309011 0.516093 0.028235 0.060521
1 0.194787 0.610940 0.061475 0.066278
1 0.316998 0.533237 0.036890 0.041820
1 0.276112 0.568443 0.052728 0.063436
1 0.393894 0.535202 0.041607 0.059749
1 0.655005 0.445861 0.021591 0.030134
