2 0.42421875 0.484375 0.05625 0.08984375
3 0.71484375 0.56875 0.04375 0.11796875
3 0.53359375 0.609375 0.02890625 0.1234375
2 0.41015625 0.37265625 0.034375 0.0421875
3 0.65859375 0.61640625 0.0328125 0.128125
2 0.04296875 0.6140625 0.08515625 0.159375
2 0.68515625 0.4859375 0.05 0.090625
3 0.8640625 0.62421875 0.04375 0.1171875
3 0.75859375 0.4046875 0.0203125 0.05625
3 0.37890625 0.43828125 0.01796875 0.065625
3 0.3796875 0.39375 0.01171875 0.053125
0 0.874884 0.605241 0.042451 0.083967
0 0.531380 0.596372 0.031896 0.090005
0 0.660297 0.596968 0.027002 0.096991
1 0.980105 0.955615 0.038812 0.088025
1 0.535725 0.639646 0.027133 0.070465
0 0.704098 0.538629 0.018683 0.041852
1 0.660533 0.648308 0.026576 0.065488
1 0.869356 0.648468 0.033341 0.095864
0 0.718707 0.532456 0.014960 0.036626
0 0.755469 0.415761 0.013652 0.032985
