3 0.075 0.6375 0.059375 0.10625
3 0.140625 0.62109375 0.0484375 0.11484375
3 0.1875 0.62265625 0.0796875 0.121875
3 0.29453125 0.55625 0.05234375 0.1109375
3 0.36171875 0.54296875 0.046875 0.09609375
3 0.5390625 0.45390625 0.03984375 0.0796875
3 0.59921875 0.4484375 0.028125 0.08359375
3 0.796875 0.378125 0.01796875 0.0484375
3 0.809375 0.384375 0.01875 0.06328125
3 0.43125 0.384375 0.01015625 0.0421875
2 0.39765625 0.36328125 0.0265625 0.04375
0 0.362274 0.534379 0.027516 0.078150
0 0.599631 0.449086 0.026398 0.055789
0 0.292868 0.550253 0.026027 0.063754
0 0.808806 0.383357 0.020176 0.050170
0 0.182945 0.608509 0.033552 0.084843
0 0.793930 0.376801 0.015712 0.051855
0 0.146364 0.612838 0.026447 0.088665
0 0.534132 0.445716 0.027584 0.051162
0 0.232320 0.499181 0.015969 0.033623
0 0.844860 0.406422 0.010980 0.039107
0 0.079572 0.636951 0.035657 0.070332
