3 0.92109375 0.40859375 0.03203125 0.071875
3 0.87265625 0.39296875 0.03515625 0.0671875
3 0.784375 0.4171875 0.0546875 0.0828125
3 0.596875 0.43046875 0.06796875 0.0921875
3 0.54609375 0.46484375 0.06953125 0.12734375
3 0.421875 0.5265625 0.090625 0.1140625
3 0.421875 0.45859375 0.0671875 0.10234375
3 0.7171875 0.91875 0.1359375 0.1625
3 0.97421875 0.95 0.0515625 0.1
3 0.39765625 0.29296875 0.021875 0.05859375
3 0.36875 0.3125 0.01484375 0.03828125
3 0.37578125 0.28046875 0.01484375 0.0484375
3 0.346875 0.290625 0.0171875 0.065625
3 0.32265625 0.2671875 0.01484375 0.065625
2 0.36171875 0.25859375 0.04453125 0.0515625
0 0.711918 0.919851 0.128669 0.159534
0 0.533732 0.462633 0.030552 0.083057
0 0.417195 0.479370 0.026259 0.046359
