3 0.51328125 0.67578125 0.1203125 0.16875
3 0.5515625 0.39140625 0.053125 0.075
3 0.52265625 0.33046875 0.04765625 0.065625
3 0.4515625 0.340625 0.0515625 0.0734375
3 0.29453125 0.24296875 0.01328125 0.03515625
3 0.73671875 0.50546875 0.0671875 0.12890625
3 0.78671875 0.54765625 0.075 0.13984375
3 0.871875 0.56484375 0.059375 0.1171875
3 0.834375 0.41171875 0.04765625 0.09296875
3 0.8828125 0.4203125 0.0421875 0.090625
3 0.915625 0.5109375 0.04453125 0.08515625
3 0.98046875 0.51484375 0.0390625 0.0921875
3 0.9390625 0.4546875 0.03359375 0.07890625
3 0.93671875 0.3953125 0.04296875 0.0796875
3 0.978125 0.43515625 0.03203125 0.08828125
0 0.523195 0.646486 0.061079 0.111275
0 0.796627 0.536737 0.045420 0.102814
0 0.876639 0.542061 0.039747 0.083103
0 0.836073 0.407590 0.025797 0.054719
0 0.939908 0.407511 0.029105 0.052908
0 0.883771 0.406315 0.032946 0.059014
