2 0.678125 0.22109375 0.06875 0.11484375
2 0.56484375 0.59296875 0.20390625 0.40390625
2 0.38359375 0.49453125 0.20234375 0.30078125
2 0.52734375 0.34140625 0.11953125 0.19921875
2 0.609375 0.26328125 0.07421875 0.14140625
2 0.75234375 0.1453125 0.03359375 0.05703125
3 0.68359375 0.6046875 0.0578125 0.24765625
3 0.73125 0.23203125 0.015625 0.0890625
3 0.7328125 0.51953125 0.0453125 0.2109375
3 0.67109375 0.4390625 0.03046875 0.16015625
3 0.28125 0.4859375 0.0734375 0.21328125
3 0.325 0.40390625 0.0671875 0.125
3 0.384375 0.35078125 0.05390625 0.0765625
3 0.43828125 0.32890625 0.0390625 0.1
3 0.48125 0.31171875 0.0390625 0.1203125
3 0.56875 0.22421875 0.02890625 0.04296875
0 0.850623 0.523903 0.042674 0.175931
0 0.736108 0.459570 0.039881 0.084876
0 0.728335 0.553156 0.037232 0.134568
0 0.732553 0.234247 0.019950 0.076578
0 0.668424 0.426456 0.037254 0.129029
