2 0.2921875 0.66171875 0.18515625 0.221875
3 0.62421875 0.49921875 0.040625 0.09453125
3 0.4828125 0.4140625 0.02578125 0.06015625
3 0.44609375 0.37734375 0.0109375 0.04140625
3 0.41796875 0.39453125 0.01640625 0.046875
3 0.378125 0.39609375 0.0125 0.0453125
2 0.4015625 0.3625 0.0265625 0.04296875
2 0.36015625 0.35703125 0.02734375 0.05625
2 0.38125 0.3453125 0.021875 0.03359375
3 0.91796875 0.68984375 0.05390625 0.16015625
0 0.920031 0.675671 0.039545 0.118159
1 0.912302 0.725596 0.072234 0.122086
0 0.379254 0.397544 0.014884 0.040982
