2 0.91953125 0.70703125 0.16015625 0.23828125
2 0.3515625 0.61640625 0.21796875 0.2046875
2 0.33671875 0.32734375 0.0625 0.071875
3 0.20390625 0.546875 0.078125 0.14375
3 0.103125 0.5703125 0.07578125 0.1375
3 0.48359375 0.51640625 0.0578125 0.10625
3 0.58515625 0.52734375 0.08359375 0.11875
3 0.8265625 0.5234375 0.06875 0.1046875
3 0.46328125 0.77265625 0.11875 0.18359375
3 0.5140625 0.91171875 0.15078125 0.17578125
3 0.3390625 0.86796875 0.1484375 0.18984375
3 0.128125 0.91796875 0.1609375 0.16328125
3 0.81328125 0.81953125 0.10234375 0.16015625
3 0.8703125 0.48671875 0.03359375 0.09375
3 0.83515625 0.4078125 0.0375 0.07890625
3 0.90859375 0.503125 0.04140625 0.1234375
2 0.965625 0.52734375 0.06875 0.1046875
0 0.331860 0.859090 0.065262 0.175483
0 0.515553 0.911341 0.069829 0.174228
0 0.166618 0.933955 0.056634 0.130530
0 0.821457 0.512068 0.033412 0.090158
0 0.125010 0.922975 0.052736 0.151949
0 0.819266 0.806568 0.062808 0.144214
0 0.918518 0.502959 0.025878 0.088725
