2 0.22578125 0.52265625 0.1078125 0.20078125
2 0.22109375 0.36015625 0.0453125 0.08671875
2 0.215625 0.32890625 0.034375 0.04140625
2 0.19296875 0.35703125 0.01875 0.0421875
2 0.23984375 0.3890625 0.03828125 0.05859375
2 0.29609375 0.46015625 0.0734375 0.09453125
2 0.45234375 0.61875 0.14453125 0.17890625
3 0.225 0.41953125 0.03046875 0.05546875
3 0.29296875 0.4 0.0171875 0.0359375
3 0.16796875 0.38359375 0.01015625 0.0390625
3 0.19140625 0.3828125 0.0109375 0.04296875
3 0.1796875 0.37421875 0.01015625 0.04140625
0 0.292691 0.397147 0.017354 0.035214
