2 0.35234375 0.853125 0.29140625 0.29296875
2 0.38203125 0.5015625 0.14453125 0.1234375
3 0.28984375 0.51640625 0.05546875 0.09609375
2 0.5390625 0.39140625 0.090625 0.09296875
3 0.1328125 0.56953125 0.0515625 0.10078125
2 0.74140625 0.32890625 0.034375 0.059375
3 0.77890625 0.32578125 0.0125 0.04375
3 0.68125 0.315625 0.0109375 0.0421875
3 0.6953125 0.30234375 0.01015625 0.0390625
2 0.72890625 0.28125 0.0203125 0.03046875
2 0.7734375 0.29453125 0.0203125 0.0421875
2 0.75234375 0.28046875 0.01796875 0.028125
0 0.695712 0.311042 0.009410 0.025009
0 0.142483 0.573467 0.021044 0.046412
1 0.291014 0.535348 0.055976 0.064916
0 0.681291 0.324943 0.012598 0.030575
0 0.705128 0.294488 0.010267 0.029985
0 0.289078 0.510388 0.028988 0.075513
