2 0.81328125 0.890625 0.17890625 0.21875
2 0.71328125 0.94765625 0.1265625 0.10390625
2 0.63203125 0.82578125 0.12734375 0.24140625
2 0.64609375 0.68125 0.10859375 0.184375
2 0.39921875 0.55 0.0515625 0.11796875
3 0.55703125 0.88671875 0.04140625 0.10625
3 0.55 0.53203125 0.03359375 0.0796875
3 0.4578125 0.540625 0.021875 0.07109375
3 0.33671875 0.5 0.0203125 0.07265625
3 0.35703125 0.4625 0.02109375 0.07109375
2 0.47265625 0.4078125 0.04921875 0.121875
2 0.33828125 0.35078125 0.04140625 0.096875
0 0.457019 0.537952 0.019242 0.049519
