3 0.3140625 0.8203125 0.13359375 0.21796875
3 0.121875 0.5875 0.08984375 0.13828125
3 0.20625 0.9375 0.159375 0.125
3 0.5 0.83671875 0.13671875 0.22421875
3 0.57109375 0.5296875 0.07421875 0.12421875
3 0.62890625 0.325 0.0265625 0.06015625
3 0.61953125 0.88125 0.1328125 0.2375
3 0.76328125 0.5109375 0.0546875 0.13125
3 0.73125 0.35078125 0.0296875 0.065625
3 0.90078125 0.41484375 0.04765625 0.1109375
2 0.8453125 0.6859375 0.20390625 0.23984375
3 0.88515625 0.8296875 0.1046875 0.25546875
3 0.98125 0.56875 0.0375 0.121875
0 0.574145 0.521775 0.045152 0.103589
0 0.627913 0.884998 0.089939 0.213178
0 0.181018 0.940070 0.082036 0.119096
0 0.498817 0.837902 0.118794 0.228684
0 0.319778 0.811468 0.087888 0.175453
0 0.505130 0.789774 0.082229 0.132388
