3 0.77421875 0.72421875 0.08828125 0.1609375
3 0.28671875 0.39609375 0.01484375 0.0515625
3 0.27109375 0.39375 0.0125 0.046875
3 0.2609375 0.396875 0.015625 0.05
3 0.25390625 0.39296875 0.0109375 0.0515625
3 0.23515625 0.40078125 0.015625 0.05
3 0.22890625 0.396875 0.0109375 0.04453125
3 0.2015625 0.33984375 0.00625 0.02265625
3 0.1625 0.328125 0.00546875 0.0171875
2 0.17734375 0.3265625 0.01328125 0.01875
2 0.215625 0.3734375 0.0234375 0.0359375
2 0.23671875 0.3828125 0.02890625 0.03984375
0 0.775344 0.713446 0.047146 0.131687
0 0.323668 0.410625 0.017117 0.049464
0 0.258444 0.400063 0.017980 0.040469
0 0.289419 0.403094 0.014925 0.037091
1 0.288874 0.404730 0.015044 0.034168
1 0.232923 0.411194 0.016895 0.028934
