2 0.58125 0.66171875 0.1 0.140625
2 0.49453125 0.48125 0.059375 0.09765625
2 0.53203125 0.546875 0.06875 0.09921875
3 0.3625 0.9453125 0.03984375 0.109375
3 0.5296875 0.9484375 0.040625 0.10234375
3 0.7015625 0.96015625 0.05703125 0.07890625
3 0.93515625 0.94609375 0.06875 0.10703125
3 0.84765625 0.8984375 0.06953125 0.1765625
3 0.83515625 0.8140625 0.053125 0.09765625
3 0.7703125 0.828125 0.04765625 0.13359375
3 0.31875 0.73046875 0.02578125 0.1125
3 0.3375 0.6609375 0.02890625 0.1140625
3 0.41796875 0.596875 0.03125 0.09453125
3 0.40078125 0.53671875 0.02109375 0.08125
3 0.328125 0.471875 0.01875 0.071875
3 0.4234375 0.45703125 0.01796875 0.07265625
3 0.75546875 0.72578125 0.04375 0.11328125
3 0.7140625 0.73515625 0.03984375 0.1234375
3 0.665625 0.66171875 0.034375 0.0828125
3 0.68828125 0.6359375 0.03125 0.10078125
3 0.66484375 0.634375 0.034375 0.07109375
3 0.625 0.63515625 0.03046875 0.09765625
3 0.64375 0.578125 0.02734375 0.08203125
3 0.61640625 0.57734375 0.02578125 0.065625
3 0.5921875 0.55390625 0.0265625 0.08125
3 0.3046875 0.225 0.00859375 0.03125
2 0.43671875 0.8921875 0.1015625 0.215625
2 0.6109375 0.91171875 0.13125 0.17578125
2 0.8 0.95390625 0.13203125 0.09140625
2 0.6875 0.7921875 0.128125 0.221875
2 0.53359375 0.7203125 0.0984375 0.2046875
2 0.41484375 0.69765625 0.08125 0.1875
2 0.46953125 0.60859375 0.07109375 0.13359375
2 0.3671875 0.5671875 0.0546875 0.1234375
2 0.45703125 0.415625 0.0453125 0.08671875
2 0.3953125 0.32578125 0.0359375 0.05390625
2 0.39375 0.2765625 0.03671875 0.046875
0 0.025430 0.892061 0.038078 0.124963
0 0.305154 0.226250 0.008786 0.031819
0 0.316537 0.713736 0.023604 0.078053
0 0.685859 0.625573 0.027075 0.076945
0 0.400548 0.523592 0.021359 0.051704
