2 0.39296875 0.46015625 0.18671875 0.22578125
2 0.665625 0.365625 0.12890625 0.21953125
3 0.734375 0.771875 0.05859375 0.221875
3 0.41171875 0.5203125 0.084375 0.23515625
3 0.69140625 0.61640625 0.0828125 0.26328125
3 0.53203125 0.6109375 0.075 0.28359375
3 0.615625 0.3390625 0.0421875 0.15546875
3 0.27890625 0.4546875 0.07109375 0.215625
3 0.6 0.678125 0.07109375 0.2765625
3 0.7359375 0.71484375 0.06171875 0.33125
3 0.7046875 0.50859375 0.0484375 0.17109375
3 0.521875 0.45703125 0.0875 0.1703125
3 0.52734375 0.384375 0.05703125 0.115625
2 0.53125 0.32421875 0.11953125 0.14140625
2 0.665625 0.3640625 0.1265625 0.21796875
2 0.73828125 0.2453125 0.06328125 0.11796875
2 0.70625 0.20078125 0.04375 0.0703125
2 0.725 0.16484375 0.03984375 0.05859375
2 0.74140625 0.1453125 0.0328125 0.06171875
2 0.6515625 0.21875 0.09765625 0.14765625
1 0.600182 0.723473 0.070076 0.187971
0 0.599392 0.657691 0.072646 0.236439
1 0.736304 0.793713 0.063712 0.240455
0 0.740379 0.675222 0.060868 0.226917
0 0.702787 0.465829 0.046779 0.079170
0 0.420861 0.488774 0.061351 0.173114
0 0.529848 0.581109 0.063241 0.163706
0 0.700665 0.553102 0.059065 0.111274
0 0.501461 0.488917 0.048171 0.130484
0 0.681053 0.634371 0.063726 0.137990
0 0.526770 0.675375 0.065961 0.191257
