2 0.7015625 0.546875 0.1640625 0.16875
2 0.1828125 0.659375 0.196875 0.25390625
3 0.36640625 0.290625 0.021875 0.07265625
3 0.33828125 0.32265625 0.03515625 0.065625
3 0.38828125 0.328125 0.04140625 0.08203125
3 0.43671875 0.33828125 0.0515625 0.08828125
3 0.6828125 0.38828125 0.059375 0.0703125
3 0.7890625 0.60390625 0.078125 0.14765625
3 0.79140625 0.46875 0.05859375 0.12265625
3 0.396875 0.7265625 0.140625 0.1265625
3 0.44609375 0.56640625 0.08359375 0.1046875
3 0.42109375 0.6546875 0.115625 0.08046875
3 0.028125 0.75546875 0.05625 0.10546875
