2 0.23984375 0.38984375 0.0359375 0.06015625
2 0.19453125 0.35546875 0.021875 0.0390625
2 0.1703125 0.32734375 0.01484375 0.02265625
2 0.22109375 0.36015625 0.04453125 0.090625
2 0.215625 0.3296875 0.03515625 0.04453125
3 0.27890625 0.39140625 0.0109375 0.04921875
3 0.21796875 0.4625 0.02265625 0.08359375
3 0.33515625 0.57734375 0.04765625 0.125
3 0.52578125 0.6921875 0.0609375 0.17265625
3 0.66640625 0.7875 0.0875 0.1984375
3 0.67578125 0.59921875 0.0390625 0.12890625
3 0.734375 0.56640625 0.028125 0.10234375
3 0.79140625 0.503125 0.02421875 0.06953125
3 0.8140625 0.5375 0.025 0.09453125
3 0.615625 0.8625 0.1625 0.275
0 0.650404 0.923762 0.074293 0.151410
0 0.524661 0.674013 0.051895 0.122536
0 0.678629 0.581899 0.033315 0.086491
0 0.218004 0.450653 0.018153 0.049049
0 0.811554 0.553667 0.015362 0.048354
0 0.653356 0.773229 0.051218 0.106597
0 0.794104 0.494598 0.013741 0.039348
0 0.332177 0.547207 0.032206 0.052237
0 0.668649 0.762000 0.061712 0.137659
1 0.730167 0.587421 0.022092 0.051452
