2 0.75078125 0.58203125 0.16640625 0.14921875
2 0.2953125 0.596875 0.20625 0.22109375
2 0.2953125 0.79921875 0.3015625 0.33203125
2 0.334375 0.3359375 0.05234375 0.07421875
3 0.553125 0.53515625 0.0765625 0.1234375
3 0.49375 0.49765625 0.053125 0.096875
3 0.75 0.48125 0.05390625 0.08359375
3 0.834375 0.4640625 0.05390625 0.10625
3 0.87265625 0.51171875 0.0453125 0.109375
3 0.97421875 0.525 0.040625 0.1109375
2 0.94453125 0.7734375 0.1109375 0.253125
2 0.95 0.49375 0.1 0.11875
0 0.875324 0.507441 0.044649 0.090022
0 0.428425 0.928904 0.078027 0.141749
0 0.929173 0.431267 0.019657 0.028214
0 0.835765 0.449467 0.022898 0.056693
0 0.961787 0.420912 0.018599 0.040850
