2 0.36484375 0.2828125 0.053125 0.06171875
2 0.35625 0.23203125 0.0328125 0.05390625
3 0.36484375 0.89375 0.096875 0.1421875
3 0.465625 0.73828125 0.109375 0.11796875
3 0.31171875 0.70390625 0.10078125 0.11328125
3 0.6375 0.4671875 0.07109375 0.10390625
3 0.50234375 0.465625 0.084375 0.11328125
3 0.29296875 0.5546875 0.071875 0.10390625
3 0.2515625 0.534375 0.0609375 0.0875
3 0.184375 0.5890625 0.05859375 0.08515625
3 0.33359375 0.27890625 0.0078125 0.05
3 0.32109375 0.2671875 0.0125 0.04609375
3 0.31328125 0.25546875 0.01484375 0.0453125
0 0.447996 0.721823 0.069275 0.132543
1 0.457126 0.549570 0.036202 0.030584
0 0.301126 0.686217 0.053729 0.117029
0 0.282554 0.527793 0.031403 0.056032
