2 0.19765625 0.33671875 0.01875 0.02890625
3 0.184375 0.39609375 0.01640625 0.05078125
3 0.1984375 0.39921875 0.0125 0.04375
3 0.2375 0.40390625 0.0140625 0.05390625
3 0.33046875 0.43203125 0.03359375 0.06640625
3 0.42421875 0.521875 0.06796875 0.1015625
3 0.553125 0.5015625 0.046875 0.08046875
2 0.70546875 0.49609375 0.103125 0.09921875
0 0.182212 0.394858 0.011743 0.038032
0 0.431395 0.516910 0.037346 0.088313
0 0.198266 0.402354 0.012641 0.041370
0 0.237272 0.404946 0.012463 0.042978
0 0.208262 0.405357 0.015970 0.041578
