2 0.91015625 0.72109375 0.1796875 0.2828125
2 0.7953125 0.39453125 0.0484375 0.053125
2 0.40078125 0.45234375 0.046875 0.0859375
2 0.37578125 0.36953125 0.02890625 0.0421875
2 0.40859375 0.37265625 0.03203125 0.05234375
2 0.42578125 0.35703125 0.028125 0.05078125
2 0.04765625 0.6375 0.0953125 0.125
3 0.17265625 0.5671875 0.0515625 0.10859375
3 0.11796875 0.68515625 0.07421875 0.15625
3 0.053125 0.65546875 0.08515625 0.14375
3 0.27734375 0.8765625 0.10078125 0.20078125
3 0.5171875 0.9421875 0.121875 0.115625
3 0.4109375 0.525 0.04765625 0.0859375
3 0.6453125 0.403125 0.03671875 0.0609375
3 0.74453125 0.3984375 0.0203125 0.05859375
2 0.8453125 0.39921875 0.03046875 0.06015625
1 0.119205 0.697984 0.081812 0.098563
0 0.517475 0.942005 0.090388 0.115135
1 0.412236 0.540384 0.045164 0.049225
0 0.111334 0.670663 0.040889 0.110918
0 0.746037 0.400221 0.014879 0.049826
0 0.280537 0.866612 0.070732 0.155731
0 0.772789 0.401673 0.011359 0.042628
0 0.641375 0.398634 0.023449 0.049491
0 0.414548 0.519253 0.023328 0.052969
1 0.171557 0.589242 0.054303 0.047361
0 0.185298 0.568715 0.025668 0.050201
1 0.641603 0.413313 0.023898 0.031982
1 0.052595 0.684438 0.066509 0.094049
