2 0.69375 0.89453125 0.1453125 0.21015625
2 0.81484375 0.896875 0.159375 0.20546875
3 0.746875 0.7703125 0.03671875 0.08671875
3 0.70703125 0.77109375 0.03359375 0.1203125
3 0.6640625 0.734375 0.0203125 0.0984375
3 0.42265625 0.61796875 0.02265625 0.08828125
3 0.3765625 0.66875 0.0234375 0.090625
3 0.3921875 0.3328125 0.00859375 0.0359375
3 0.38359375 0.32265625 0.00859375 0.03046875
3 0.3671875 0.29921875 0.00859375 0.028125
3 0.328125 0.284375 0.00703125 0.02421875
2 0.46171875 0.384375 0.0328125 0.05703125
2 0.32421875 0.24296875 0.01328125 0.02421875
0 0.366936 0.300127 0.007717 0.024938
0 0.664490 0.721925 0.025784 0.072166
