3 0.32734375 0.525 0.08203125 0.13203125
3 0.21328125 0.575 0.07890625 0.09609375
3 0.790625 0.41953125 0.0640625 0.09140625
3 0.6421875 0.36484375 0.06171875 0.0765625
3 0.90078125 0.39921875 0.03046875 0.08359375
3 0.93984375 0.4 0.02734375 0.05078125
3 0.3265625 0.325 0.03046875 0.05
3 0.31171875 0.25859375 0.0109375 0.04453125
3 0.31875 0.26328125 0.0078125 0.0453125
3 0.328125 0.27265625 0.01875 0.05390625
2 0.36328125 0.278125 0.053125 0.075
2 0.35234375 0.23046875 0.03515625 0.04375
2 0.29765625 0.228125 0.03046875 0.0578125
0 0.902821 0.396660 0.026388 0.056295
1 0.988019 0.429747 0.021072 0.057516
0 0.310792 0.504691 0.051136 0.072642
0 0.940244 0.398581 0.023920 0.039504
