2 0.2796875 0.52734375 0.12265625 0.10625
2 0.47578125 0.403125 0.05 0.05
3 0.57421875 0.66875 0.04609375 0.1515625
3 0.7765625 0.628125 0.05078125 0.134375
3 0.79609375 0.4875 0.0234375 0.1
3 0.709375 0.48125 0.0203125 0.08125
3 0.7421875 0.43046875 0.02109375 0.0828125
3 0.48125 0.490625 0.021875 0.08515625
3 0.42421875 0.4734375 0.01953125 0.0734375
3 0.5609375 0.40078125 0.0265625 0.05234375
3 0.3984375 0.37265625 0.0125 0.05078125
0 0.571658 0.643713 0.034195 0.095993
0 0.422583 0.465239 0.017832 0.050482
0 0.712284 0.477310 0.020856 0.055643
0 0.480733 0.480619 0.021187 0.061911
1 0.482778 0.509391 0.020046 0.040935
1 0.769026 0.664778 0.038399 0.066983
1 0.422911 0.489174 0.015937 0.044022
