3 0.81875 0.7375 0.096875 0.2171875
3 0.62734375 0.51796875 0.065625 0.16640625
3 0.5421875 0.42265625 0.05390625 0.11171875
3 0.48203125 0.33984375 0.04140625 0.08984375
3 0.41796875 0.90703125 0.09609375 0.1859375
3 0.25078125 0.8015625 0.11015625 0.16796875
3 0.25546875 0.56484375 0.06484375 0.1484375
3 0.96015625 0.378125 0.02734375 0.0578125
3 0.28515625 0.246875 0.0140625 0.0390625
2 0.328125 0.24765625 0.0359375 0.06484375
2 0.4078125 0.3296875 0.06953125 0.11171875
2 0.73671875 0.39140625 0.125 0.13125
0 0.419506 0.927573 0.089205 0.144055
0 0.624152 0.490015 0.043759 0.101291
0 0.537924 0.411342 0.029412 0.080282
0 0.257696 0.802449 0.083019 0.156492
