3 0.34609375 0.4609375 0.034375 0.10703125
3 0.19453125 0.60625 0.07578125 0.1328125
3 0.40078125 0.4265625 0.0296875 0.0828125
3 0.478125 0.38984375 0.03046875 0.09375
3 0.4453125 0.3453125 0.01953125 0.078125
3 0.38671875 0.359375 0.02578125 0.075
3 0.36171875 0.33125 0.02109375 0.09375
3 0.425 0.3171875 0.021875 0.0734375
3 0.40859375 0.29609375 0.0171875 0.075
3 0.96796875 0.4015625 0.01875 0.07578125
2 0.5640625 0.471875 0.12734375 0.1734375
2 0.36953125 0.275 0.03828125 0.065625
2 0.3234375 0.2546875 0.0328125 0.059375
2 0.3078125 0.2296875 0.03515625 0.05390625
0 0.967626 0.413945 0.013000 0.042800
0 0.368323 0.351841 0.013662 0.037101
