3 0.45390625 0.78984375 0.071875 0.246875
3 0.57734375 0.6203125 0.04375 0.1828125
3 0.74296875 0.4828125 0.025 0.11640625
3 0.76171875 0.4328125 0.02265625 0.10234375
3 0.37578125 0.6015625 0.0609375 0.15390625
3 0.4734375 0.49921875 0.03515625 0.11015625
3 0.528125 0.45234375 0.0296875 0.09609375
3 0.49453125 0.4375 0.03203125 0.084375
3 0.4 0.47109375 0.0453125 0.0828125
3 0.30390625 0.51484375 0.059375 0.1
3 0.18046875 0.55078125 0.05390625 0.09609375
3 0.5359375 0.40078125 0.02421875 0.0609375
2 0.59140625 0.41328125 0.06953125 0.0859375
2 0.66484375 0.4234375 0.0671875 0.0984375
2 0.7015625 0.35703125 0.04453125 0.07734375
2 0.73125 0.32578125 0.0296875 0.059375
2 0.59375 0.796875 0.240625 0.40546875
2 0.640625 0.31015625 0.06875 0.1015625
2 0.784375 0.32421875 0.02421875 0.05078125
2 0.77109375 0.30234375 0.02109375 0.05
0 0.375333 0.585678 0.042558 0.100914
0 0.578527 0.593620 0.046276 0.117246
0 0.300317 0.507184 0.030741 0.085283
1 0.302124 0.530923 0.057856 0.066108
0 0.524937 0.439988 0.036427 0.072832
0 0.473679 0.485715 0.037519 0.084937
0 0.743861 0.465799 0.027027 0.079353
0 0.495258 0.434790 0.028511 0.068445
0 0.761411 0.404374 0.022902 0.041317
0 0.177205 0.544122 0.035174 0.079085
0 0.537500 0.397824 0.020132 0.059897
0 0.686846 0.299818 0.010826 0.032721
