3 0.33359375 0.515625 0.065625 0.1
3 0.41640625 0.45546875 0.03359375 0.096875
2 0.48359375 0.44296875 0.11953125 0.109375
3 0.6625 0.446875 0.021875 0.1046875
3 0.5609375 0.39296875 0.01953125 0.07109375
3 0.6625 0.38828125 0.01953125 0.0453125
3 0.69453125 0.38125 0.015625 0.07890625
3 0.725 0.43125 0.01875 0.0796875
3 0.7390625 0.4765625 0.025 0.11640625
3 0.75390625 0.38203125 0.0203125 0.0765625
3 0.778125 0.37578125 0.01953125 0.07109375
2 0.7265625 0.32734375 0.03984375 0.0640625
2 0.640625 0.3390625 0.0453125 0.06875
2 0.7421875 0.2875 0.03046875 0.04765625
0 0.329236 0.507101 0.035160 0.073055
0 0.564443 0.379843 0.020116 0.049291
0 0.694392 0.375809 0.017014 0.058226
0 0.729257 0.411599 0.022764 0.037467
1 0.737515 0.494598 0.023477 0.082661
0 0.663190 0.394671 0.025424 0.050373
1 0.694143 0.399904 0.015309 0.035146
1 0.664894 0.460196 0.021113 0.059716
0 0.418796 0.450612 0.021541 0.062316
