2 0.22734375 0.6390625 0.30390625 0.37578125
2 0.55546875 0.3359375 0.12109375 0.18046875
2 0.6640625 0.20859375 0.06484375 0.1
3 0.73203125 0.196875 0.0171875 0.075
3 0.703125 0.79296875 0.08515625 0.34921875
3 0.56328125 0.65390625 0.08046875 0.28671875
3 0.5046875 0.62265625 0.06015625 0.26640625
3 0.63359375 0.27734375 0.028125 0.10390625
3 0.56484375 0.5109375 0.04609375 0.1953125
3 0.62734375 0.72734375 0.10078125 0.334375
3 0.6546875 0.59375 0.07734375 0.1953125
3 0.734375 0.65078125 0.075 0.2703125
3 0.7734375 0.5296875 0.0328125 0.2109375
3 0.61875 0.42265625 0.05859375 0.19765625
3 0.66171875 0.34140625 0.0328125 0.1140625
2 0.68671875 0.45703125 0.1421875 0.2796875
2 0.74453125 0.3421875 0.08046875 0.16796875
1 0.616362 0.787253 0.079291 0.206631
0 0.566350 0.471535 0.045266 0.106302
0 0.649768 0.563907 0.053218 0.107005
1 0.556698 0.714764 0.065085 0.167534
0 0.628432 0.720775 0.071487 0.215607
0 0.513254 0.549614 0.042769 0.103797
1 0.504239 0.666393 0.058211 0.179781
0 0.730730 0.591731 0.062024 0.142765
0 0.702399 0.763067 0.104207 0.280711
0 0.567857 0.596804 0.043860 0.094718
