2 0.215625 0.37421875 0.0234375 0.0359375
2 0.23671875 0.38203125 0.0296875 0.03828125
3 0.30390625 0.39609375 0.0109375 0.05078125
3 0.2859375 0.39609375 0.0140625 0.05234375
3 0.2703125 0.390625 0.01171875 0.05234375
3 0.26015625 0.396875 0.01484375 0.046875
3 0.23515625 0.40078125 0.01640625 0.04921875
3 0.22890625 0.3953125 0.0109375 0.04453125
3 0.25390625 0.3921875 0.0109375 0.0484375
3 0.18515625 0.3328125 0.00546875 0.02109375
3 0.39296875 0.5796875 0.071875 0.1234375
2 0.16796875 0.32109375 0.01171875 0.01875
0 0.389834 0.571946 0.035316 0.104326
0 0.311804 0.401968 0.014012 0.042642
1 0.233019 0.410028 0.017244 0.031524
0 0.269833 0.395291 0.012489 0.040777
0 0.257291 0.400163 0.017335 0.040083
