3 0.675 0.5671875 0.04296875 0.13203125
3 0.51328125 0.45390625 0.025 0.0859375
3 0.778125 0.39140625 0.0265625 0.05703125
3 0.4671875 0.40625 0.01328125 0.05625
3 0.40859375 0.3921875 0.01171875 0.059375
3 0.37109375 0.41953125 0.01171875 0.05625
2 0.4078125 0.359375 0.034375 0.0640625
3 0.4359375 0.36953125 0.01015625 0.04609375
0 0.372595 0.418846 0.014540 0.050504
0 0.464472 0.401330 0.021302 0.055265
0 0.673356 0.555539 0.033796 0.095696
0 0.397210 0.398135 0.012881 0.040530
1 0.674083 0.594884 0.042164 0.073840
1 0.467534 0.422126 0.014725 0.042344
