2 0.64296875 0.58515625 0.1953125 0.39296875
2 0.58984375 0.40859375 0.1546875 0.24296875
2 0.43125 0.4078125 0.15390625 0.21015625
3 0.52890625 0.6046875 0.07109375 0.27578125
3 0.38203125 0.52109375 0.07890625 0.22109375
3 0.20625 0.52578125 0.09140625 0.21328125
3 0.4609375 0.55 0.07421875 0.23984375
3 0.7 0.83828125 0.08671875 0.321875
3 0.28984375 0.5265625 0.1203125 0.2
3 0.2984375 0.42578125 0.0734375 0.146875
3 0.76640625 0.62890625 0.06015625 0.25625
3 0.7671875 0.4890625 0.04296875 0.13203125
3 0.77421875 0.4140625 0.0375 0.09140625
3 0.71328125 0.284375 0.02578125 0.109375
3 0.4921875 0.31171875 0.0421875 0.10703125
3 0.6703125 0.36796875 0.0375 0.06171875
2 0.7515625 0.34375 0.084375 0.153125
0 0.265879 0.353325 0.023834 0.094441
0 0.463505 0.529270 0.068063 0.175839
0 0.671424 0.367180 0.037145 0.059399
0 0.532000 0.597157 0.070928 0.219089
0 0.287023 0.531215 0.042805 0.207773
0 0.383259 0.508766 0.052657 0.187957
0 0.212200 0.520266 0.044200 0.198063
