2 0.0921875 0.58203125 0.17421875 0.15546875
2 0.60546875 0.56796875 0.18359375 0.17109375
2 0.13359375 0.81484375 0.26640625 0.27109375
2 0.94375 0.528125 0.1125 0.13046875
2 0.9390625 0.4265625 0.0953125 0.096875
2 0.57578125 0.3046875 0.05859375 0.06875
2 0.3328125 0.33515625 0.05703125 0.08046875
3 0.35234375 0.93359375 0.15625 0.1328125
3 0.90234375 0.79765625 0.11171875 0.20703125
3 0.79921875 0.3921875 0.0515625 0.0984375
3 0.540625 0.2875 0.01328125 0.059375
0 0.790384 0.362516 0.025992 0.049281
1 0.798416 0.413362 0.051493 0.044930
