2 0.4125 0.4390625 0.21171875 0.2796875
2 0.6015625 0.2859375 0.0875 0.13203125
3 0.3875 0.6125 0.09921875 0.275
3 0.74609375 0.628125 0.06875 0.24765625
3 0.51015625 0.559375 0.059375 0.26484375
3 0.4484375 0.67734375 0.06640625 0.2953125
3 0.6828125 0.70234375 0.06015625 0.3125
3 0.10859375 0.91328125 0.1859375 0.1734375
3 0.52265625 0.43515625 0.053125 0.1546875
3 0.7171875 0.45078125 0.03125 0.19375
3 0.7703125 0.51484375 0.0359375 0.19375
3 0.6078125 0.3453125 0.040625 0.11875
3 0.653125 0.31171875 0.03203125 0.12734375
3 0.70390625 0.26484375 0.02578125 0.078125
2 0.609375 0.56328125 0.21484375 0.4359375
2 0.71875 0.34921875 0.0953125 0.18125
2 0.66953125 0.20546875 0.06796875 0.0953125
2 0.7125 0.1703125 0.04609375 0.0875
2 0.74375 0.16484375 0.01953125 0.059375
2 0.7546875 0.1296875 0.03984375 0.08984375
0 0.686769 0.661374 0.065167 0.228273
0 0.754070 0.560031 0.048651 0.077389
0 0.608350 0.338049 0.038693 0.104295
0 0.512722 0.498880 0.041734 0.076958
1 0.683973 0.742245 0.062584 0.243171
0 0.770256 0.489427 0.037425 0.107755
