3 0.8109375 0.4171875 0.04296875 0.0921875
3 0.71796875 0.42578125 0.05390625 0.08515625
3 0.45625 0.4609375 0.05234375 0.0484375
3 0.44765625 0.490625 0.07421875 0.08671875
3 0.4109375 0.534375 0.08515625 0.09765625
3 0.29453125 0.596875 0.08515625 0.0921875
3 0.2484375 0.5234375 0.05859375 0.10546875
3 0.16953125 0.57734375 0.05625 0.06484375
3 0.6078125 0.81953125 0.128125 0.18125
3 0.8453125 0.909375 0.12265625 0.171875
3 0.3296875 0.27109375 0.01015625 0.046875
3 0.31796875 0.26953125 0.01484375 0.04453125
3 0.31015625 0.253125 0.02109375 0.0375
2 0.365625 0.284375 0.05703125 0.0671875
2 0.353125 0.2265625 0.03203125 0.06015625
0 0.811694 0.405214 0.029657 0.062891
0 0.404303 0.509011 0.037562 0.067879
1 0.444890 0.508177 0.062184 0.040323
0 0.717005 0.419205 0.033539 0.048660
0 0.439619 0.473187 0.031964 0.056023
1 0.988668 0.429319 0.021491 0.053855
