3 0.9109375 0.95234375 0.06875 0.0953125
3 0.840625 0.909375 0.0625 0.15390625
3 0.5609375 0.85703125 0.0375 0.14609375
3 0.36015625 0.54296875 0.01640625 0.08046875
3 0.525 0.51171875 0.01875 0.06875
3 0.475 0.44921875 0.01875 0.05625
3 0.375 0.3171875 0.009375 0.03515625
3 0.43984375 0.975 0.0421875 0.05
2 0.5015625 0.88203125 0.09609375 0.23125
2 0.60703125 0.7109375 0.090625 0.16484375
2 0.459375 0.5125 0.04609375 0.0796875
2 0.39609375 0.31328125 0.0203125 0.03359375
0 0.837387 0.902712 0.030969 0.126439
0 0.903274 0.958965 0.046205 0.081268
0 0.441829 0.979009 0.029119 0.041158
1 0.911129 0.982332 0.066282 0.034483
1 0.980388 0.950869 0.038340 0.061055
1 0.844355 0.924973 0.075318 0.116321
1 0.864178 0.936485 0.040675 0.097289
0 0.345911 0.291158 0.007368 0.019392
