3 0.85 0.93984375 0.05625 0.1203125
3 0.78828125 0.853125 0.0484375 0.153125
3 0.5328125 0.940625 0.0359375 0.11875
3 0.45625 0.8890625 0.0328125 0.16171875
3 0.6359375 0.7109375 0.02109375 0.11328125
3 0.65078125 0.67734375 0.021875 0.09296875
3 0.51328125 0.66796875 0.03125 0.07734375
3 0.521875 0.63515625 0.02421875 0.065625
3 0.5859375 0.553125 0.01640625 0.0734375
3 0.57421875 0.55859375 0.015625 0.05078125
3 0.546875 0.5765625 0.0171875 0.071875
3 0.5484375 0.52265625 0.01796875 0.06328125
3 0.36015625 0.54375 0.01953125 0.071875
3 0.40859375 0.39765625 0.0140625 0.0453125
3 0.37265625 0.35078125 0.0125 0.0359375
3 0.37421875 0.3265625 0.01171875 0.03125
3 0.3609375 0.30390625 0.0109375 0.03203125
3 0.3390625 0.26328125 0.00625 0.0203125
2 0.64140625 0.9234375 0.12109375 0.153125
2 0.6984375 0.8171875 0.12265625 0.20078125
2 0.56796875 0.77421875 0.10234375 0.19375
2 0.578125 0.62578125 0.0734375 0.12265625
2 0.5171875 0.5328125 0.05859375 0.09296875
2 0.3765625 0.4078125 0.03125 0.065625
2 0.41171875 0.340625 0.025 0.03984375
2 0.31484375 0.23671875 0.0109375 0.01484375
2 0.496875 0.44375 0.04609375 0.06953125
2 0.46171875 0.384375 0.03359375 0.06328125
2 0.44609375 0.36015625 0.028125 0.0515625
0 0.940406 0.935777 0.039705 0.126520
0 0.358192 0.543153 0.016179 0.060304
1 0.579964 0.547766 0.025189 0.063752
1 0.635413 0.577438 0.042039 0.050144
