2 0.58359375 0.3109375 0.096875 0.14140625
2 0.4546875 0.78984375 0.29921875 0.41875
2 0.6859375 0.3875 0.11953125 0.21796875
2 0.73359375 0.30078125 0.06015625 0.14921875
3 0.3390625 0.50859375 0.08671875 0.21640625
3 0.6984375 0.2078125 0.01953125 0.07890625
3 0.75 0.6140625 0.05703125 0.24375
3 0.66171875 0.66328125 0.06328125 0.2640625
3 0.76875 0.41953125 0.04765625 0.16640625
3 0.7296875 0.1859375 0.0140625 0.06796875
3 0.74765625 0.1484375 0.0125 0.0546875
3 0.7515625 0.1984375 0.021875 0.06328125
3 0.68984375 0.54453125 0.0578125 0.22421875
0 0.666713 0.626683 0.059838 0.145367
1 0.661031 0.707489 0.062614 0.177113
1 0.748801 0.653415 0.056148 0.163426
0 0.752399 0.582757 0.053947 0.174879
0 0.691313 0.492759 0.047803 0.075103
