2 0.353125 0.74921875 0.24140625 0.40234375
2 0.22109375 0.3609375 0.04609375 0.08671875
2 0.21640625 0.3296875 0.0359375 0.0375
2 0.240625 0.38984375 0.03515625 0.059375
2 0.19296875 0.353125 0.01875 0.040625
3 0.1703125 0.37890625 0.01171875 0.03984375
3 0.1953125 0.42109375 0.0171875 0.05703125
3 0.228125 0.42265625 0.0171875 0.05859375
3 0.25 0.44140625 0.02109375 0.071875
3 0.29375 0.403125 0.0140625 0.05390625
3 0.30703125 0.50703125 0.05625 0.11484375
3 0.77734375 0.48515625 0.0328125 0.071875
2 0.47578125 0.6296875 0.165625 0.190625
2 0.8703125 0.92578125 0.25859375 0.1484375
0 0.320580 0.524990 0.028105 0.076171
0 0.291936 0.402311 0.016768 0.044950
0 0.169963 0.379726 0.011060 0.034280
0 0.228480 0.418202 0.014255 0.040437
0 0.196342 0.420085 0.016475 0.038605
