2 0.65078125 0.48203125 0.153125 0.28203125
3 0.5078125 0.6421875 0.07890625 0.296875
3 0.603125 0.64921875 0.06640625 0.27734375
3 0.67265625 0.80390625 0.0703125 0.371875
3 0.4734375 0.5734375 0.06796875 0.2421875
3 0.64609375 0.26640625 0.02265625 0.07109375
3 0.71484375 0.609375 0.06953125 0.271875
3 0.75 0.4953125 0.04453125 0.19765625
3 0.6484375 0.33984375 0.0390625 0.06953125
3 0.68515625 0.30625 0.02734375 0.09140625
3 0.7265625 0.36953125 0.02890625 0.1390625
3 0.75390625 0.39140625 0.03046875 0.0953125
3 0.784375 0.396875 0.0234375 0.1515625
3 0.828125 0.37578125 0.0265625 0.09609375
2 0.74140625 0.2859375 0.0671875 0.1359375
0 0.478368 0.502836 0.050237 0.102238
0 0.687805 0.306245 0.029492 0.080856
0 0.519397 0.542240 0.043205 0.089811
0 0.468809 0.623165 0.059262 0.165720
0 0.657742 0.323158 0.023905 0.045502
0 0.754338 0.453633 0.046099 0.084255
