3 0.25234375 0.55390625 0.06640625 0.11640625
3 0.29609375 0.3921875 0.0109375 0.046875
3 0.2859375 0.396875 0.0140625 0.053125
3 0.2703125 0.39375 0.01171875 0.04609375
3 0.2609375 0.396875 0.01640625 0.04609375
3 0.2546875 0.3921875 0.01171875 0.04921875
3 0.234375 0.4 0.01640625 0.05078125
3 0.23046875 0.3953125 0.01328125 0.04609375
2 0.23671875 0.384375 0.03046875 0.04296875
2 0.215625 0.37421875 0.02265625 0.03828125
1 0.253115 0.573083 0.061599 0.065755
0 0.249283 0.546884 0.030258 0.096117
1 0.232587 0.410195 0.016334 0.030932
0 0.179096 0.327362 0.006999 0.024164
0 0.258268 0.401254 0.017693 0.037769
1 0.258956 0.404300 0.017008 0.032735
