2 0.175 0.63828125 0.140625 0.134375
2 0.40859375 0.5296875 0.109375 0.10390625
2 0.6796875 0.41640625 0.0703125 0.0625
2 0.23515625 0.9453125 0.2703125 0.109375
3 0.275 0.525 0.04140625 0.08203125
3 0.60390625 0.4046875 0.0265625 0.06171875
3 0.77890625 0.384375 0.021875 0.05625
3 0.83359375 0.37890625 0.02265625 0.053125
3 0.44609375 0.3765625 0.01171875 0.03984375
3 0.4265625 0.37734375 0.0109375 0.0453125
3 0.41484375 0.38125 0.009375 0.04609375
2 0.4046875 0.3671875 0.02734375 0.04609375
0 0.833691 0.377481 0.019477 0.056874
0 0.783729 0.390094 0.017862 0.040585
0 0.271355 0.511585 0.026614 0.042428
