2 0.69609375 0.228125 0.06640625 0.11796875
3 0.4484375 0.5390625 0.07890625 0.21640625
3 0.3796875 0.49765625 0.07265625 0.196875
3 0.58125 0.40859375 0.0484375 0.15546875
3 0.26171875 0.47265625 0.08203125 0.21171875
3 0.5296875 0.4765625 0.0546875 0.209375
3 0.61796875 0.67578125 0.071875 0.3078125
3 0.54375 0.6328125 0.06484375 0.2515625
3 0.71484375 0.71484375 0.07109375 0.3015625
3 0.446875 0.38828125 0.0390625 0.1546875
3 0.325 0.48515625 0.07734375 0.20859375
3 0.6921875 0.30546875 0.0296875 0.1234375
3 0.72734375 0.5734375 0.05703125 0.2203125
3 0.61328125 0.53984375 0.04765625 0.21328125
3 0.73671875 0.4515625 0.04375 0.1640625
3 0.74375 0.37890625 0.046875 0.11875
3 0.35625 0.403125 0.046875 0.12109375
3 0.4140625 0.3703125 0.046875 0.14765625
3 0.4703125 0.32421875 0.02890625 0.09453125
2 0.5203125 0.37890625 0.1296875 0.221875
2 0.603125 0.26796875 0.084375 0.14296875
2 0.72109375 0.15703125 0.04453125 0.06875
1 0.449329 0.573235 0.080266 0.159382
0 0.711025 0.383693 0.030635 0.127260
1 0.378224 0.528663 0.073590 0.148033
0 0.275383 0.472574 0.051987 0.191605
1 0.616320 0.689782 0.073372 0.270950
1 0.314538 0.524238 0.057771 0.130066
1 0.718548 0.698848 0.075728 0.358126
1 0.242696 0.513248 0.042302 0.129776
0 0.375707 0.480140 0.049939 0.158529
0 0.615847 0.493798 0.048838 0.113459
0 0.450011 0.523674 0.064554 0.180524
0 0.326019 0.463717 0.054254 0.156688
0 0.619014 0.587349 0.067856 0.136730
0 0.545550 0.641305 0.070184 0.265516
0 0.692729 0.331392 0.025994 0.074014
0 0.459482 0.351084 0.039583 0.079206
1 0.525359 0.514486 0.046400 0.132633
