2 0.65390625 0.9296875 0.1203125 0.13984375
2 0.75234375 0.85859375 0.1296875 0.20546875
2 0.60390625 0.646875 0.07578125 0.11953125
2 0.509375 0.54453125 0.05390625 0.1
2 0.43671875 0.4703125 0.0375 0.07265625
2 0.35546875 0.3453125 0.02421875 0.04140625
2 0.4125 0.3390625 0.02421875 0.040625
2 0.40234375 0.3203125 0.01875 0.03671875
2 0.38515625 0.29765625 0.01796875 0.02578125
3 0.60078125 0.571875 0.02265625 0.06015625
3 0.4421875 0.54453125 0.025 0.07578125
3 0.49609375 0.46171875 0.01640625 0.0578125
3 0.38125 0.4921875 0.01875 0.0671875
3 0.3546875 0.3109375 0.00859375 0.02890625
3 0.346875 0.2859375 0.00703125 0.025
3 0.3328125 0.2953125 0.00859375 0.02734375
2 0.47578125 0.39921875 0.03515625 0.06484375
2 0.45234375 0.36953125 0.0296875 0.06484375
0 0.935937 0.865583 0.028613 0.100812
0 0.989241 0.947574 0.020708 0.102949
0 0.380808 0.484917 0.015368 0.043819
