2 0.4640625 0.3984375 0.15703125 0.21015625
2 0.709375 0.3984375 0.11640625 0.23828125
2 0.615625 0.2515625 0.0875 0.13203125
3 0.58984375 0.63515625 0.0546875 0.2609375
3 0.65 0.66875 0.07578125 0.3046875
3 0.5171875 0.5953125 0.06328125 0.2515625
3 0.7234375 0.75234375 0.06640625 0.29765625
3 0.7046875 0.53828125 0.0515625 0.253125
2 0.71328125 0.225 0.06875 0.10546875
2 0.6828125 0.1859375 0.04921875 0.08359375
2 0.73828125 0.134375 0.0421875 0.07734375
3 0.0734375 0.89296875 0.146875 0.2140625
3 0.57890625 0.49921875 0.0421875 0.19609375
3 0.60703125 0.43671875 0.0390625 0.17421875
3 0.6125 0.340625 0.034375 0.13125
3 0.64375 0.37578125 0.03828125 0.159375
3 0.646875 0.51484375 0.046875 0.2078125
3 0.76796875 0.4703125 0.04453125 0.18671875
3 0.76328125 0.62109375 0.04140625 0.22578125
0 0.050564 0.896966 0.100709 0.205602
1 0.517611 0.636593 0.064158 0.185752
0 0.592761 0.624262 0.063221 0.238362
0 0.519065 0.578833 0.061460 0.218379
0 0.738014 0.669566 0.048584 0.132606
1 0.646391 0.730834 0.075338 0.189501
0 0.649810 0.350025 0.029553 0.101806
0 0.652899 0.638738 0.061760 0.197076
1 0.588358 0.689847 0.053565 0.156312
