2 0.8671875 0.4984375 0.13984375 0.12421875
3 0.54296875 0.82265625 0.1125 0.19453125
3 0.6203125 0.73515625 0.0921875 0.16796875
3 0.7953125 0.7 0.0984375 0.17421875
3 0.621875 0.5625 0.07265625 0.1375
3 0.44765625 0.546875 0.07265625 0.121875
3 0.3296875 0.5890625 0.084375 0.14375
3 0.18203125 0.76953125 0.1078125 0.18671875
3 0.14296875 0.57265625 0.084375 0.1390625
3 0.05078125 0.55546875 0.071875 0.1453125
3 0.36015625 0.5296875 0.0765625 0.1359375
3 0.98515625 0.43046875 0.0296875 0.0859375
0 0.061180 0.877311 0.096961 0.203512
0 0.610594 0.699800 0.072467 0.092624
0 0.179409 0.737244 0.053287 0.105665
0 0.538952 0.808709 0.065382 0.166564
