3 0.578125 0.903125 0.03828125 0.153125
3 0.4546875 0.740625 0.02578125 0.11484375
3 0.44609375 0.61640625 0.0265625 0.09296875
3 0.3484375 0.50390625 0.01328125 0.0625
3 0.39140625 0.4375 0.0140625 0.053125
3 0.3578125 0.37890625 0.0140625 0.04296875
3 0.36796875 0.31171875 0.00546875 0.034375
3 0.35703125 0.30390625 0.0125 0.03125
2 0.38828125 0.5203125 0.04375 0.08828125
2 0.459375 0.49453125 0.0484375 0.08046875
2 0.39453125 0.3140625 0.0203125 0.0359375
0 0.445660 0.612390 0.020060 0.064149
0 0.454905 0.713035 0.019235 0.045579
0 0.390133 0.440440 0.013106 0.044489
0 0.559193 0.472317 0.012547 0.032053
