3 0.0546875 0.61015625 0.05 0.11171875
3 0.1 0.61953125 0.06328125 0.12265625
3 0.2875 0.53046875 0.0640625 0.109375
3 0.3765625 0.521875 0.065625 0.1078125
3 0.41015625 0.47890625 0.04921875 0.08671875
2 0.57421875 0.390625 0.06796875 0.08203125
2 0.66328125 0.33359375 0.0421875 0.05390625
2 0.7296875 0.32734375 0.03828125 0.059375
2 0.7640625 0.29453125 0.02421875 0.0359375
2 0.7265625 0.2828125 0.021875 0.02421875
3 0.70390625 0.28125 0.0078125 0.0296875
0 0.283095 0.522928 0.034601 0.084960
0 0.054313 0.596832 0.037596 0.091761
0 0.095574 0.604972 0.031655 0.097221
0 0.409386 0.476398 0.037769 0.061312
0 0.371039 0.510664 0.055280 0.088401
1 0.380126 0.543084 0.061055 0.068388
