2 0.75 0.94453125 0.12578125 0.11015625
2 0.52578125 0.93515625 0.0984375 0.1296875
2 0.475 0.83359375 0.084375 0.18828125
2 0.47109375 0.484375 0.046875 0.08046875
2 0.4328125 0.4109375 0.0375 0.05390625
2 0.36171875 0.303125 0.01953125 0.034375
2 0.40390625 0.32109375 0.0234375 0.0375
2 0.38515625 0.29765625 0.0171875 0.0296875
3 0.39921875 0.8140625 0.03046875 0.11875
3 0.39375 0.7234375 0.028125 0.08359375
3 0.6734375 0.69296875 0.0359375 0.1
2 0.621875 0.7109375 0.08671875 0.13828125
2 0.47578125 0.39921875 0.0375 0.06796875
2 0.45234375 0.36796875 0.0296875 0.06015625
3 0.5234375 0.5 0.02109375 0.06640625
3 0.42109375 0.48125 0.01640625 0.06640625
3 0.39453125 0.35078125 0.01328125 0.0359375
3 0.3875 0.33046875 0.01015625 0.0328125
3 0.359375 0.3515625 0.0125 0.0375
0 0.421153 0.478973 0.015291 0.055014
0 0.392282 0.705326 0.021400 0.040210
1 0.523887 0.496807 0.020993 0.066447
0 0.394940 0.353445 0.010835 0.032226
0 0.358818 0.350395 0.010687 0.032564
