2 0.71640625 0.896875 0.1546875 0.20546875
3 0.60625 0.92265625 0.0359375 0.15078125
3 0.6125 0.6546875 0.03203125 0.11171875
3 0.6375 0.646875 0.0265625 0.0921875
3 0.525 0.55390625 0.01953125 0.071875
3 0.4390625 0.434375 0.0140625 0.0546875
3 0.46015625 0.43203125 0.01484375 0.04765625
2 0.38046875 0.45390625 0.034375 0.07421875
2 0.4125 0.33984375 0.0234375 0.03828125
2 0.39453125 0.33046875 0.0234375 0.0328125
3 0.3375 0.396875 0.0109375 0.0421875
3 0.35859375 0.3109375 0.0140625 0.0265625
3 0.3421875 0.30390625 0.00703125 0.02578125
3 0.353125 0.28203125 0.00703125 0.02109375
3 0.34296875 0.27734375 0.00625 0.02265625
3 0.3484375 0.2671875 0.00546875 0.02421875
3 0.3359375 0.25078125 0.0046875 0.015625
3 0.3390625 0.246875 0.0046875 0.01640625
2 0.325 0.25859375 0.01328125 0.01875
2 0.3234375 0.24296875 0.00859375 0.0125
3 0.31328125 0.24765625 0.00546875 0.01875
2 0.4625 0.38203125 0.0296875 0.05390625
0 0.341758 0.305181 0.006760 0.020074
0 0.619932 0.512553 0.015299 0.054552
1 0.647988 0.574596 0.052057 0.052455
0 0.440016 0.434297 0.012748 0.041659
