3 0.87734375 0.41015625 0.0421875 0.07734375
3 0.8015625 0.41796875 0.04453125 0.09296875
3 0.7234375 0.4078125 0.07109375 0.07265625
3 0.73984375 0.45859375 0.05 0.09140625
3 0.61640625 0.44453125 0.0671875 0.1046875
3 0.48359375 0.46875 0.0828125 0.115625
3 0.6171875 0.7671875 0.1140625 0.1765625
3 0.3359375 0.5375 0.08984375 0.1234375
3 0.290625 0.2734375 0.02421875 0.05234375
3 0.30859375 0.3015625 0.02265625 0.07265625
3 0.340625 0.290625 0.02265625 0.0703125
3 0.365625 0.30546875 0.01640625 0.05859375
3 0.375 0.2859375 0.0140625 0.03984375
3 0.39765625 0.30625 0.0203125 0.05078125
3 0.31640625 0.2296875 0.02265625 0.0421875
2 0.359375 0.25 0.04453125 0.05859375
0 0.487228 0.465700 0.035794 0.072311
0 0.803139 0.399398 0.020546 0.044566
