2 0.5796875 0.50546875 0.1078125 0.12578125
3 0.6328125 0.53046875 0.03671875 0.09140625
3 0.80625 0.45390625 0.02109375 0.05859375
3 0.4609375 0.40625 0.02109375 0.040625
3 0.34140625 0.66484375 0.06875 0.1359375
3 0.275 0.628125 0.06796875 0.1296875
3 0.36484375 0.4296875 0.01875 0.0609375
3 0.4 0.36796875 0.01171875 0.034375
2 0.3546875 0.37109375 0.0265625 0.03515625
3 0.6796875 0.48203125 0.02890625 0.09296875
3 0.72578125 0.49296875 0.02890625 0.10078125
2 0.7609375 0.40390625 0.06640625 0.0828125
3 0.63125 0.44453125 0.02578125 0.0734375
3 0.534375 0.39921875 0.02578125 0.0625
3 0.49296875 0.39609375 0.02265625 0.0640625
0 0.274301 0.611406 0.032729 0.100266
1 0.166765 0.583112 0.046886 0.054445
0 0.635609 0.516901 0.030204 0.087662
0 0.160851 0.561690 0.028756 0.073805
0 0.458765 0.400236 0.018637 0.043891
1 0.632543 0.543603 0.035659 0.069103
0 0.341641 0.650620 0.036792 0.110222
0 0.807219 0.441351 0.021435 0.061359
0 0.634276 0.449257 0.023582 0.055607
0 0.231857 0.502218 0.015791 0.032304
0 0.529896 0.391625 0.011257 0.035050
0 0.678744 0.486572 0.029927 0.095115
1 0.458500 0.414177 0.020157 0.028682
0 0.365004 0.427454 0.015405 0.042819
1 0.366489 0.440197 0.014665 0.041863
