3 0.60390625 0.70390625 0.0453125 0.16328125
2 0.81953125 0.70859375 0.178125 0.2484375
3 0.88828125 0.65625 0.04921875 0.15078125
3 0.7890625 0.5140625 0.0203125 0.0953125
3 0.71796875 0.5203125 0.028125 0.1078125
3 0.68046875 0.446875 0.01796875 0.06953125
2 0.84921875 0.39921875 0.0359375 0.07734375
3 0.47421875 0.4828125 0.02421875 0.08046875
3 0.32265625 0.4890625 0.02265625 0.07421875
3 0.38671875 0.42734375 0.01875 0.0734375
3 0.3671875 0.39375 0.01328125 0.0484375
3 0.39921875 0.3953125 0.01171875 0.04921875
0 0.717013 0.509572 0.028936 0.074273
0 0.384746 0.424366 0.015480 0.044918
1 0.714501 0.543232 0.023879 0.062831
0 0.323545 0.475054 0.020619 0.051188
1 0.607126 0.746966 0.044032 0.078950
0 0.678505 0.448678 0.020219 0.061755
1 0.477085 0.505701 0.015927 0.041332
0 0.605950 0.707755 0.038242 0.086430
1 0.384234 0.449906 0.015095 0.025803
1 0.677409 0.469318 0.014803 0.038552
1 0.792403 0.520088 0.022968 0.096787
1 0.475005 0.476335 0.021729 0.056525
