2 0.63203125 0.69375 0.15546875 0.27734375
2 0.43359375 0.5828125 0.16171875 0.1890625
2 0.69453125 0.45234375 0.08203125 0.13515625
2 0.7078125 0.359375 0.04765625 0.084375
2 0.709375 0.3015625 0.02890625 0.0515625
2 0.65078125 0.371875 0.05390625 0.06953125
2 0.5984375 0.33671875 0.07734375 0.0984375
2 0.48984375 0.43203125 0.096875 0.09375
3 0.575 0.40078125 0.01953125 0.08125
3 0.5640625 0.38671875 0.0140625 0.071875
3 0.534375 0.39140625 0.02265625 0.05546875
3 0.675 0.3140625 0.01171875 0.0453125
3 0.7671875 0.3296875 0.01171875 0.046875
3 0.78515625 0.29375 0.0078125 0.040625
3 0.428125 0.478125 0.0375 0.0625
3 0.14765625 0.56953125 0.0546875 0.103125
3 0.1375 0.67578125 0.05625 0.0765625
2 0.1703125 0.83046875 0.25546875 0.27265625
2 0.29296875 0.54375 0.12421875 0.10625
0 0.131920 0.680419 0.052112 0.083960
0 0.424648 0.479234 0.030836 0.048270
0 0.145506 0.561913 0.038493 0.082757
0 0.533706 0.391634 0.019371 0.046741
0 0.572166 0.395610 0.027541 0.056182
1 0.573779 0.423261 0.024097 0.043800
0 0.767973 0.329130 0.013987 0.041614
0 0.785430 0.294299 0.009123 0.034748
