3 0.6421875 0.78828125 0.1140625 0.23984375
3 0.58984375 0.659375 0.0859375 0.14765625
3 0.778125 0.48359375 0.03359375 0.0671875
3 0.24140625 0.55078125 0.078125 0.109375
3 0.17265625 0.41328125 0.0140625 0.06171875
3 0.29296875 0.40234375 0.01640625 0.06328125
3 0.2703125 0.39921875 0.0171875 0.0703125
2 0.2390625 0.3953125 0.03515625 0.06171875
2 0.2171875 0.38203125 0.0234375 0.06328125
2 0.19921875 0.33125 0.021875 0.03671875
3 0.34375 0.45703125 0.06640625 0.09453125
1 0.341971 0.483961 0.057352 0.047521
0 0.586622 0.683181 0.085832 0.191778
0 0.353649 0.463989 0.034292 0.071137
