2 0.7078125 0.584375 0.1796875 0.14453125
2 0.8640625 0.41484375 0.1140625 0.109375
2 0.74765625 0.37421875 0.08359375 0.0859375
2 0.10625 0.6125 0.20078125 0.18046875
2 0.584375 0.79375 0.27421875 0.2953125
2 0.65390625 0.33203125 0.08359375 0.09296875
2 0.95859375 0.51328125 0.08046875 0.10625
2 0.61484375 0.52109375 0.1546875 0.1375
3 0.31953125 0.5265625 0.071875 0.1234375
3 0.8046875 0.49140625 0.0546875 0.11640625
3 0.77890625 0.88984375 0.1234375 0.2203125
0 0.803421 0.482712 0.041887 0.088941
0 0.315584 0.525516 0.036614 0.109058
