3 0.8640625 0.940625 0.05078125 0.11875
3 0.80859375 0.95625 0.053125 0.08671875
3 0.74375 0.921875 0.04921875 0.15546875
3 0.79453125 0.89765625 0.05390625 0.1296875
3 0.76015625 0.82578125 0.0390625 0.1015625
3 0.71015625 0.82109375 0.04296875 0.10703125
3 0.7296875 0.759375 0.03671875 0.103125
3 0.68046875 0.72734375 0.03828125 0.08828125
3 0.69765625 0.7 0.0359375 0.10078125
3 0.5203125 0.7859375 0.03359375 0.1171875
3 0.55859375 0.521875 0.01875 0.06875
3 0.46328125 0.43984375 0.01953125 0.05625
3 0.378125 0.37890625 0.01328125 0.04453125
3 0.33515625 0.3640625 0.01328125 0.03515625
2 0.68828125 0.9078125 0.1359375 0.184375
2 0.6125 0.78046875 0.0953125 0.1625
2 0.5984375 0.63515625 0.07734375 0.1421875
2 0.52890625 0.64296875 0.0703125 0.1296875
2 0.49296875 0.5703125 0.059375 0.1078125
2 0.38359375 0.309375 0.02734375 0.03515625
2 0.45390625 0.36875 0.0328125 0.0640625
2 0.4765625 0.3984375 0.03984375 0.06640625
0 0.334972 0.369662 0.009207 0.027379
0 0.518472 0.751818 0.024898 0.042453
0 0.803741 0.950745 0.032473 0.072316
0 0.379295 0.378461 0.013618 0.031260
1 0.518031 0.805032 0.029859 0.074039
0 0.818354 0.987771 0.033261 0.023757
