2 0.403125 0.440625 0.27578125 0.3890625
3 0.53359375 0.60390625 0.07265625 0.2828125
3 0.60078125 0.678125 0.07265625 0.27734375
3 0.73828125 0.725 0.0640625 0.31875
3 0.68828125 0.61953125 0.07890625 0.265625
3 0.75234375 0.46796875 0.04765625 0.18359375
2 0.63125 0.24609375 0.10703125 0.18359375
3 0.54765625 0.48828125 0.05703125 0.18046875
3 0.615625 0.52578125 0.04140625 0.17421875
3 0.70078125 0.4921875 0.04453125 0.13671875
3 0.59609375 0.45078125 0.04140625 0.17890625
3 0.646875 0.4703125 0.0390625 0.2
3 0.67578125 0.41484375 0.03359375 0.16953125
3 0.6375 0.384375 0.03359375 0.128125
2 0.75234375 0.33125 0.0859375 0.21015625
2 0.7078125 0.1890625 0.0484375 0.07421875
2 0.73828125 0.1578125 0.0421875 0.075
2 0.76171875 0.1234375 0.03046875 0.059375
1 0.592291 0.722619 0.076918 0.180268
0 0.591766 0.647877 0.075841 0.198413
0 0.531445 0.554614 0.051260 0.096887
1 0.735643 0.790524 0.062446 0.247784
0 0.680231 0.652765 0.066058 0.193189
1 0.765028 0.779127 0.119949 0.274178
0 0.739066 0.667285 0.061882 0.193286
0 0.545480 0.520762 0.049359 0.108925
