2 0.34921875 0.503125 0.19609375 0.27890625
2 0.58359375 0.54453125 0.20859375 0.371875
2 0.590625 0.275 0.09921875 0.13671875
2 0.73515625 0.171875 0.04609375 0.06875
2 0.74453125 0.29453125 0.06171875 0.15078125
2 0.69453125 0.390625 0.09453125 0.18984375
3 0.72890625 0.78203125 0.075 0.31875
3 0.45859375 0.60078125 0.07109375 0.2484375
3 0.61640625 0.76328125 0.1203125 0.33828125
3 0.52265625 0.47109375 0.0375 0.1375
3 0.73359375 0.21484375 0.0203125 0.0796875
3 0.5921875 0.35390625 0.0359375 0.075
3 0.7125 0.634375 0.078125 0.27890625
3 0.771875 0.5484375 0.04296875 0.2375
3 0.70625 0.54453125 0.05625 0.22265625
3 0.7609375 0.465625 0.0390625 0.17109375
3 0.75546875 0.40390625 0.04296875 0.15390625
3 0.7859375 0.3703125 0.0234375 0.09921875
3 0.66171875 0.315625 0.03203125 0.10703125
3 0.69296875 0.2734375 0.02890625 0.05625
2 0.6625 0.2078125 0.06171875 0.1203125
0 0.712669 0.608796 0.078181 0.204975
0 0.614011 0.730970 0.069248 0.246766
1 0.454874 0.644562 0.065220 0.163172
0 0.459003 0.526721 0.054628 0.102197
0 0.692899 0.273456 0.028914 0.056082
1 0.517669 0.506119 0.030160 0.068036
0 0.729140 0.767014 0.073998 0.281576
0 0.712375 0.491591 0.045269 0.098240
0 0.522477 0.472674 0.038999 0.130018
0 0.757733 0.489811 0.035283 0.104472
