3 0.9671875 0.41484375 0.01953125 0.05234375
3 0.37890625 0.3890625 0.02421875 0.07109375
3 0.36171875 0.34765625 0.01328125 0.0671875
3 0.34765625 0.31328125 0.01875 0.05859375
3 0.3375 0.30078125 0.015625 0.0421875
3 0.32734375 0.2765625 0.0109375 0.04921875
3 0.30234375 0.27109375 0.01640625 0.0375
3 0.3609375 0.27578125 0.0109375 0.05078125
3 0.38828125 0.27265625 0.0234375 0.0515625
2 0.41484375 0.3265625 0.075 0.09453125
2 0.34140625 0.2453125 0.028125 0.05234375
2 0.30859375 0.24140625 0.02734375 0.04609375
2 0.296875 0.22265625 0.0234375 0.04375
0 0.969207 0.411234 0.014546 0.043881
0 0.303228 0.267145 0.009450 0.032009
