2 0.475 0.42421875 0.0515625 0.08203125
3 0.50234375 0.48203125 0.021875 0.0828125
3 0.35078125 0.53125 0.02890625 0.09609375
3 0.40078125 0.41640625 0.01640625 0.0578125
3 0.37421875 0.35546875 0.0109375 0.03984375
2 0.396875 0.34765625 0.025 0.04375
2 0.35078125 0.328125 0.0171875 0.025
3 0.3203125 0.3328125 0.0078125 0.02890625
3 0.78984375 0.4078125 0.03046875 0.0578125
3 0.81875 0.38828125 0.0171875 0.0484375
3 0.8375 0.4125 0.025 0.0671875
0 0.404093 0.422518 0.014208 0.036853
0 0.502268 0.482472 0.021693 0.057203
1 0.504378 0.503478 0.018641 0.043465
0 0.819129 0.389915 0.020156 0.052600
1 0.790047 0.409870 0.030565 0.049888
0 0.231785 0.501903 0.016330 0.034513
0 0.795598 0.406264 0.019185 0.052356
1 0.350866 0.561107 0.020984 0.035669
0 0.836750 0.421276 0.024411 0.041091
