2 0.0703125 0.59921875 0.12890625 0.10546875
2 0.221875 0.6015625 0.18828125 0.1421875
2 0.5 0.44375 0.10390625 0.08671875
2 0.64140625 0.3546875 0.0625 0.06328125
2 0.68828125 0.31328125 0.034375 0.04765625
2 0.73046875 0.334375 0.0375 0.05859375
2 0.778125 0.33046875 0.03046875 0.04765625
3 0.76015625 0.33828125 0.01328125 0.05625
3 0.5734375 0.3796875 0.01640625 0.06640625
2 0.7796875 0.2875 0.0171875 0.0328125
2 0.72734375 0.27421875 0.0234375 0.04296875
0 0.573739 0.381918 0.019629 0.060289
