2 0.2328125 0.559375 0.16484375 0.1484375
3 0.48046875 0.4984375 0.040625 0.11875
3 0.05546875 0.59375 0.05703125 0.11640625
3 0.62109375 0.63125 0.0484375 0.17890625
3 0.64453125 0.5265625 0.0328125 0.12421875
3 0.75546875 0.40390625 0.01953125 0.0796875
3 0.715625 0.34765625 0.01484375 0.05859375
3 0.61015625 0.4265625 0.02421875 0.09140625
2 0.56484375 0.41171875 0.07265625 0.0921875
2 0.684375 0.4328125 0.0625 0.109375
2 0.671875 0.34296875 0.03671875 0.05703125
3 0.76328125 0.3125 0.00859375 0.04921875
2 0.1640625 0.9125 0.31796875 0.175
3 0.5953125 0.8640625 0.07734375 0.25625
0 0.594426 0.846198 0.079303 0.216775
1 0.055682 0.613903 0.055414 0.064255
0 0.477988 0.485927 0.036017 0.071208
0 0.647942 0.514194 0.046038 0.100957
0 0.756036 0.390815 0.019138 0.055088
0 0.619185 0.626135 0.045503 0.108254
1 0.618260 0.685194 0.039176 0.077589
0 0.621709 0.580076 0.045319 0.070731
0 0.697400 0.291877 0.009620 0.032389
0 0.682916 0.294014 0.009075 0.026765
