3 0.05390625 0.59609375 0.0515625 0.1015625
3 0.415625 0.47265625 0.04453125 0.0875
3 0.51171875 0.45625 0.0421875 0.0875
2 0.6171875 0.36328125 0.05546875 0.0609375
2 0.65859375 0.32109375 0.03359375 0.05234375
2 0.7078125 0.29140625 0.03203125 0.0484375
2 0.76640625 0.3296875 0.03671875 0.07421875
2 0.77890625 0.3015625 0.02109375 0.04375
0 0.509548 0.446063 0.030010 0.063087
1 0.053226 0.619199 0.051340 0.058539
0 0.411798 0.465681 0.026298 0.061933
0 0.047153 0.594499 0.036978 0.083159
1 0.511146 0.475116 0.041924 0.048541
1 0.416399 0.488165 0.044129 0.055690
