2 0.57734375 0.32578125 0.10078125 0.15078125
2 0.4171875 0.4125 0.18203125 0.23203125
2 0.709375 0.39921875 0.11796875 0.23984375
2 0.6578125 0.25390625 0.07578125 0.134375
3 0.721875 0.75078125 0.06796875 0.29140625
3 0.6484375 0.66953125 0.07578125 0.30625
3 0.57890625 0.50859375 0.04609375 0.21015625
3 0.34296875 0.575 0.08125 0.2265625
3 0.59609375 0.61796875 0.05390625 0.25078125
3 0.46328125 0.5875 0.07265625 0.24453125
3 0.33046875 0.41484375 0.05859375 0.171875
3 0.53359375 0.2984375 0.03515625 0.12421875
3 0.5203125 0.58828125 0.06328125 0.24765625
3 0.70703125 0.53984375 0.05546875 0.24765625
3 0.76328125 0.59609375 0.04296875 0.225
3 0.64765625 0.51171875 0.0484375 0.20234375
3 0.69921875 0.28515625 0.0328125 0.08515625
3 0.41171875 0.5609375 0.06875 0.22734375
3 0.46953125 0.45546875 0.06171875 0.1546875
3 0.52265625 0.46171875 0.04765625 0.1515625
3 0.76796875 0.4734375 0.04453125 0.18984375
2 0.69765625 0.2078125 0.046875 0.08203125
2 0.71015625 0.1734375 0.0421875 0.075
2 0.73515625 0.153125 0.03125 0.065625
2 0.75625 0.165625 0.025 0.07421875
0 0.523686 0.443081 0.046105 0.082839
0 0.598113 0.618479 0.055993 0.184779
0 0.581193 0.444493 0.037064 0.082668
0 0.472749 0.452870 0.050927 0.122417
0 0.398379 0.600382 0.052832 0.152723
0 0.705065 0.518912 0.052887 0.139590
1 0.517665 0.631098 0.060641 0.165388
0 0.737109 0.670155 0.046679 0.129735
0 0.653415 0.637173 0.071047 0.182652
0 0.648862 0.478648 0.046730 0.107130
