3 0.11953125 0.72265625 0.075 0.178125
3 0.284375 0.62421875 0.06328125 0.16328125
3 0.315625 0.55078125 0.04609375 0.115625
3 0.58046875 0.52421875 0.0359375 0.1375
3 0.775 0.37734375 0.01640625 0.06796875
2 0.484375 0.70234375 0.19609375 0.325
2 0.709375 0.47109375 0.0734375 0.14375
2 0.7328125 0.3984375 0.0484375 0.103125
2 0.76953125 0.3234375 0.0234375 0.046875
2 0.778125 0.29375 0.01953125 0.04296875
2 0.70625 0.35546875 0.040625 0.06875
0 0.313125 0.535875 0.029466 0.079447
0 0.117906 0.701848 0.043772 0.104582
0 0.581093 0.522707 0.038320 0.098183
1 0.578351 0.555931 0.036024 0.069783
1 0.316697 0.565189 0.046256 0.061578
0 0.279317 0.592583 0.035067 0.084373
0 0.776635 0.390069 0.017665 0.045054
