2 0.70234375 0.47578125 0.075 0.0953125
2 0.35234375 0.3671875 0.025 0.0390625
3 0.40546875 0.39921875 0.0171875 0.05234375
3 0.4546875 0.40859375 0.03359375 0.05234375
3 0.50703125 0.41015625 0.02421875 0.05625
3 0.77265625 0.42734375 0.01875 0.0765625
3 0.8 0.45390625 0.02109375 0.09375
2 0.8453125 0.390625 0.03828125 0.05390625
0 0.406259 0.396148 0.015449 0.040736
0 0.775801 0.419430 0.018452 0.044266
1 0.508207 0.428203 0.025565 0.029170
0 0.769933 0.438230 0.014041 0.042036
1 0.406332 0.411901 0.015677 0.030447
1 0.770073 0.447850 0.014857 0.030826
0 0.508755 0.407713 0.016792 0.037510
0 0.448400 0.404819 0.017360 0.048779
0 0.454853 0.415073 0.014909 0.031353
