2 0.64296875 0.58515625 0.19453125 0.39296875
2 0.7078125 0.18125 0.05859375 0.09296875
2 0.590625 0.40859375 0.15234375 0.2453125
3 0.20859375 0.5265625 0.0953125 0.21015625
3 0.4609375 0.553125 0.07265625 0.2359375
3 0.3796875 0.5265625 0.08203125 0.21953125
3 0.52578125 0.6 0.07109375 0.2671875
3 0.7 0.8390625 0.08671875 0.31953125
3 0.75078125 0.15859375 0.015625 0.0609375
3 0.7609375 0.63125 0.04453125 0.25625
3 0.2875 0.52734375 0.1140625 0.19921875
3 0.29765625 0.42890625 0.07265625 0.16015625
3 0.45546875 0.4484375 0.053125 0.1859375
3 0.765625 0.49140625 0.04375 0.13359375
3 0.77265625 0.41171875 0.0375 0.0765625
3 0.66953125 0.36640625 0.034375 0.06328125
3 0.67734375 0.31875 0.03046875 0.09609375
3 0.5359375 0.359375 0.040625 0.14765625
3 0.4421875 0.303125 0.03515625 0.06640625
2 0.75390625 0.33515625 0.08359375 0.1453125
2 0.4296875 0.3953125 0.153125 0.178125
0 0.529576 0.595849 0.067901 0.252195
0 0.274207 0.530493 0.069549 0.202216
0 0.463085 0.531993 0.063133 0.174305
0 0.377800 0.515587 0.055546 0.192188
0 0.203651 0.513730 0.062498 0.179195
1 0.192858 0.571089 0.065421 0.117778
1 0.373075 0.569425 0.070966 0.138031
1 0.453757 0.599627 0.062073 0.158382
