2 0.71640625 0.31875 0.08046875 0.12890625
2 0.63125 0.4765625 0.14296875 0.24140625
2 0.71171875 0.2328125 0.075 0.1234375
2 0.6125 0.28203125 0.09296875 0.13359375
2 0.75 0.1421875 0.03515625 0.065625
2 0.48671875 0.3640625 0.15 0.20390625
3 0.7109375 0.55859375 0.059375 0.24765625
3 0.26953125 0.48203125 0.08828125 0.21015625
3 0.5375 0.66328125 0.0734375 0.29453125
3 0.76640625 0.640625 0.06328125 0.28984375
3 0.6296875 0.671875 0.08515625 0.32265625
3 0.346875 0.46875 0.075 0.2
3 0.78515625 0.51953125 0.053125 0.17421875
3 0.72734375 0.44140625 0.0390625 0.11484375
3 0.75 0.396875 0.04375 0.1421875
2 0.66015625 0.221875 0.0625 0.096875
0 0.539625 0.657486 0.071946 0.279553
1 0.634946 0.709237 0.073875 0.302717
