2 0.46484375 0.80078125 0.1 0.2328125
2 0.59140625 0.8765625 0.1109375 0.246875
2 0.61875 0.71328125 0.109375 0.1921875
2 0.65859375 0.64296875 0.08984375 0.1484375
2 0.5203125 0.7015625 0.08359375 0.15546875
2 0.553125 0.57734375 0.07109375 0.1375
2 0.38125 0.59140625 0.05859375 0.14453125
2 0.3796875 0.47890625 0.046875 0.1078125
2 0.33515625 0.425 0.03828125 0.0828125
2 0.3734375 0.26484375 0.0328125 0.04609375
2 0.33046875 0.30390625 0.02890625 0.06015625
3 0.36875 0.70078125 0.0421875 0.13984375
3 0.4453125 0.64140625 0.03359375 0.0984375
3 0.6625 0.8984375 0.04140625 0.16015625
3 0.6953125 0.86484375 0.0453125 0.171875
3 0.94375 0.95625 0.0765625 0.0875
3 0.83984375 0.81640625 0.06015625 0.11953125
3 0.7796875 0.85 0.05 0.10859375
3 0.76171875 0.759375 0.034375 0.09609375
3 0.72265625 0.81171875 0.03984375 0.11796875
3 0.72109375 0.721875 0.03359375 0.11875
3 0.6859375 0.728125 0.03671875 0.12578125
2 0.46953125 0.51953125 0.1046875 0.23671875
