3 0.3609375 0.846875 0.09921875 0.26796875
3 0.5671875 0.7375 0.05859375 0.2140625
3 0.58359375 0.56015625 0.0453125 0.15078125
3 0.71171875 0.4890625 0.0296875 0.12734375
3 0.63203125 0.4375 0.02734375 0.10234375
3 0.51484375 0.4296875 0.03984375 0.09140625
3 0.67890625 0.3953125 0.01953125 0.0796875
3 0.69375 0.42109375 0.015625 0.09453125
3 0.71953125 0.4265625 0.021875 0.07890625
3 0.759375 0.40078125 0.0171875 0.078125
3 0.73046875 0.36640625 0.0171875 0.06328125
3 0.71015625 0.36328125 0.01484375 0.06875
3 0.70078125 0.3484375 0.0171875 0.06875
2 0.740625 0.31796875 0.03203125 0.05625
2 0.7578125 0.29765625 0.02265625 0.05546875
3 0.784375 0.34921875 0.0171875 0.05078125
2 0.784375 0.30234375 0.0296875 0.0625
0 0.355810 0.811561 0.070225 0.179459
0 0.715297 0.469280 0.030149 0.091339
0 0.631815 0.434370 0.024199 0.072173
0 0.509863 0.420517 0.035774 0.062552
1 0.714502 0.507704 0.028705 0.076157
1 0.360566 0.871987 0.095731 0.207890
0 0.277253 0.307429 0.011386 0.033610
1 0.629661 0.457973 0.017806 0.061700
0 0.583157 0.540589 0.035170 0.102598
0 0.733317 0.365978 0.018448 0.052922
1 0.581415 0.588556 0.038446 0.098318
0 0.722411 0.410131 0.019185 0.031640
0 0.568213 0.668624 0.041348 0.079032
1 0.693223 0.443552 0.015670 0.048224
0 0.709326 0.361332 0.017506 0.043991
0 0.759150 0.395992 0.019611 0.048560
1 0.759715 0.421670 0.015928 0.052760
0 0.679462 0.414341 0.015633 0.046570
