2 0.42734375 0.484375 0.19609375 0.30390625
2 0.6921875 0.37734375 0.103125 0.18203125
2 0.5984375 0.5359375 0.18828125 0.30859375
3 0.60234375 0.315625 0.04765625 0.13515625
3 0.76015625 0.5859375 0.05 0.24609375
3 0.6875 0.6046875 0.06640625 0.2578125
3 0.7046875 0.72265625 0.06796875 0.2875
3 0.7234375 0.4796875 0.04140625 0.17265625
3 0.75078125 0.425 0.0296875 0.1671875
3 0.7953125 0.43671875 0.04296875 0.14140625
3 0.39765625 0.384375 0.05546875 0.1265625
2 0.6578125 0.23203125 0.084375 0.14140625
2 0.71875 0.175 0.04375 0.07578125
2 0.7375 0.28125 0.06015625 0.13125
2 0.753125 0.196875 0.03046875 0.04921875
2 0.7578125 0.13984375 0.02578125 0.05546875
1 0.599856 0.348809 0.044982 0.069977
0 0.760589 0.550377 0.051527 0.172251
0 0.698706 0.545466 0.054390 0.110271
0 0.604495 0.318330 0.042023 0.097415
