3 0.896875 0.95625 0.053125 0.0875
3 0.82578125 0.921875 0.06328125 0.14765625
3 0.80625 0.9421875 0.053125 0.115625
3 0.73046875 0.88671875 0.04375 0.10625
3 0.3484375 0.87421875 0.034375 0.1390625
3 0.43203125 0.72578125 0.02734375 0.10546875
3 0.5453125 0.79921875 0.03125 0.09609375
3 0.5015625 0.71640625 0.02578125 0.10625
3 0.53515625 0.75234375 0.02578125 0.08671875
3 0.5078125 0.6546875 0.02421875 0.09453125
3 0.55 0.57890625 0.021875 0.0671875
3 0.6125 0.70625 0.02734375 0.12578125
3 0.64140625 0.7046875 0.03515625 0.115625
3 0.6828125 0.78359375 0.03671875 0.1140625
3 0.6859375 0.70546875 0.03046875 0.07578125
3 0.696875 0.76015625 0.040625 0.11328125
3 0.73046875 0.7625 0.05 0.11171875
3 0.33203125 0.4171875 0.0125 0.04921875
3 0.38359375 0.3625 0.00703125 0.0359375
3 0.425 0.37265625 0.0109375 0.0359375
3 0.37265625 0.33515625 0.00859375 0.034375
3 0.39609375 0.34609375 0.01015625 0.02734375
3 0.38671875 0.33515625 0.00859375 0.03125
3 0.36171875 0.29140625 0.00625 0.025
3 0.34921875 0.290625 0.0078125 0.02265625
3 0.3484375 0.27734375 0.0078125 0.01796875
3 0.32421875 0.2796875 0.00625 0.02109375
3 0.33046875 0.2546875 0.00546875 0.01796875
3 0.31875 0.2515625 0.00625 0.0140625
3 0.31953125 0.24140625 0.00546875 0.0125
3 0.32734375 0.2296875 0.00546875 0.015625
2 0.7578125 0.9609375 0.11328125 0.078125
2 0.4390625 0.9265625 0.08671875 0.146875
2 0.55625 0.915625 0.10625 0.16875
2 0.6234375 0.8796875 0.109375 0.2015625
2 0.57421875 0.715625 0.0859375 0.1578125
2 0.396875 0.7859375 0.07265625 0.1734375
2 0.38984375 0.64921875 0.05234375 0.1078125
2 0.4484375 0.615625 0.06171875 0.11484375
2 0.540625 0.6171875 0.0640625 0.11328125
2 0.46953125 0.53046875 0.04921875 0.0765625
2 0.45859375 0.4828125 0.0390625 0.0609375
2 0.43515625 0.44296875 0.03515625 0.06015625
2 0.41640625 0.4078125 0.0265625 0.046875
2 0.359375 0.409375 0.028125 0.05390625
2 0.3703125 0.3765625 0.02578125 0.046875
2 0.40234375 0.3765625 0.02421875 0.03984375
2 0.4125 0.33984375 0.021875 0.0375
2 0.3359375 0.32578125 0.0203125 0.0421875
2 0.34453125 0.26640625 0.01328125 0.021875
2 0.48125 0.803125 0.07578125 0.15234375
2 0.59921875 0.5921875 0.0828125 0.16484375
2 0.496875 0.44453125 0.04609375 0.0734375
2 0.46328125 0.384375 0.03046875 0.05703125
2 0.4453125 0.3625 0.02578125 0.05234375
0 0.340652 0.845450 0.035233 0.079328
0 0.332724 0.418742 0.012127 0.045120
