2 0.73671875 0.90078125 0.14765625 0.1984375
3 0.878125 0.940625 0.0625 0.11875
3 0.696875 0.728125 0.040625 0.11953125
3 0.46953125 0.61796875 0.02109375 0.090625
3 0.4421875 0.43203125 0.015625 0.05625
3 0.38359375 0.39609375 0.0140625 0.04921875
3 0.33828125 0.3359375 0.0125 0.04375
3 0.36796875 0.321875 0.00703125 0.03203125
3 0.38125 0.31796875 0.009375 0.02421875
3 0.3953125 0.33984375 0.00859375 0.03203125
3 0.35 0.30234375 0.00703125 0.03046875
2 0.41796875 0.56640625 0.05234375 0.11171875
2 0.4828125 0.5234375 0.05703125 0.08046875
2 0.47578125 0.39921875 0.03515625 0.0671875
2 0.453125 0.36953125 0.03046875 0.06640625
2 0.384375 0.35 0.025 0.0421875
2 0.403125 0.32109375 0.02265625 0.03671875
2 0.3859375 0.29765625 0.01796875 0.02734375
2 0.34921875 0.290625 0.01640625 0.02421875
0 0.700546 0.722523 0.026393 0.072852
0 0.862940 0.943501 0.026710 0.102304
0 0.442858 0.427200 0.012945 0.037137
1 0.443639 0.443114 0.013426 0.032838
1 0.388264 0.406058 0.020951 0.032851
