2 0.1296875 0.58828125 0.1390625 0.1
2 0.40703125 0.528125 0.12421875 0.12421875
2 0.7171875 0.5609375 0.1078125 0.2234375
2 0.51015625 0.4390625 0.0859375 0.0765625
2 0.603125 0.36484375 0.059375 0.06796875
2 0.65390625 0.321875 0.0359375 0.053125
2 0.6890625 0.33671875 0.0421875 0.06875
2 0.5578125 0.46171875 0.096875 0.13984375
3 0.3703125 0.5828125 0.05625 0.1375
3 0.440625 0.4484375 0.03359375 0.0640625
3 0.50703125 0.38515625 0.01484375 0.02578125
3 0.0296875 0.88359375 0.059375 0.15390625
3 0.07734375 0.63125 0.06015625 0.0984375
3 0.02109375 0.6421875 0.0421875 0.11875
0 0.444074 0.449683 0.024820 0.061095
1 0.077795 0.653069 0.057255 0.069105
0 0.071387 0.628261 0.037541 0.095707
1 0.373706 0.612623 0.056783 0.077411
1 0.018996 0.665610 0.037722 0.057512
0 0.018595 0.869475 0.036973 0.111363
0 0.011702 0.633062 0.023377 0.090686
