2 0.346875 0.5140625 0.22890625 0.328125
2 0.62734375 0.503125 0.1609375 0.2609375
2 0.5625 0.30859375 0.1015625 0.15546875
2 0.67890625 0.2015625 0.0515625 0.08671875
3 0.63359375 0.6703125 0.08125 0.30234375
3 0.7296875 0.6859375 0.0765625 0.3078125
3 0.4921875 0.546875 0.05546875 0.2078125
3 0.72421875 0.51875 0.053125 0.21328125
3 0.5453125 0.47109375 0.04453125 0.19765625
3 0.525 0.40546875 0.0484375 0.16953125
3 0.76640625 0.56953125 0.03671875 0.19453125
3 0.628125 0.353125 0.0375 0.08984375
3 0.6421875 0.290625 0.028125 0.11015625
3 0.775 0.4625 0.03515625 0.1421875
3 0.74609375 0.43125 0.03203125 0.14765625
3 0.77890625 0.3796875 0.03359375 0.10390625
2 0.715625 0.3296875 0.1 0.1765625
2 0.746875 0.225 0.0359375 0.046875
2 0.728125 0.14921875 0.05234375 0.090625
3 0.65625 0.1921875 0.01875 0.07421875
3 0.76015625 0.16796875 0.0140625 0.06796875
0 0.545282 0.448247 0.042412 0.152124
1 0.635167 0.315260 0.045471 0.129598
1 0.629237 0.682142 0.091548 0.322147
