3 0.71484375 0.4203125 0.0203125 0.09765625
3 0.62265625 0.36171875 0.015625 0.0625
3 0.659375 0.3125 0.01015625 0.0421875
2 0.68984375 0.3015625 0.03203125 0.04375
3 0.74453125 0.35390625 0.0125 0.05703125
3 0.76484375 0.3625 0.01171875 0.0640625
3 0.78515625 0.35390625 0.0125 0.05390625
3 0.75390625 0.33125 0.0109375 0.05078125
3 0.796875 0.32578125 0.01015625 0.046875
2 0.72578125 0.3296875 0.03515625 0.06015625
2 0.7390625 0.30625 0.0265625 0.0515625
2 0.79140625 0.2734375 0.015625 0.02890625
2 0.76953125 0.271875 0.01953125 0.0375
0 0.715946 0.414953 0.023990 0.069326
0 0.620090 0.360166 0.017871 0.052895
0 0.744691 0.361850 0.015206 0.045281
1 0.717003 0.442972 0.017469 0.042519
0 0.658788 0.315928 0.012202 0.041855
0 0.782763 0.365832 0.011959 0.034832
0 0.659452 0.327726 0.010188 0.019897
0 0.766420 0.372498 0.014101 0.031064
