2 0.415625 0.38828125 0.16484375 0.22578125
2 0.6546875 0.4484375 0.14296875 0.2484375
2 0.72890625 0.3234375 0.08359375 0.16171875
3 0.61171875 0.70390625 0.07109375 0.28359375
3 0.1375 0.8765625 0.17265625 0.24375
3 0.55703125 0.6328125 0.0703125 0.278125
3 0.75 0.6078125 0.0546875 0.24921875
3 0.21875 0.73828125 0.13515625 0.27109375
3 0.30703125 0.5765625 0.109375 0.2453125
3 0.675 0.5734375 0.05546875 0.25
3 0.55546875 0.3765625 0.03671875 0.153125
3 0.2296875 0.53046875 0.0984375 0.22421875
3 0.47109375 0.44921875 0.06015625 0.1875
3 0.4953125 0.3890625 0.05625 0.1359375
3 0.49765625 0.2875 0.0296875 0.08515625
3 0.5359375 0.2640625 0.0265625 0.0828125
3 0.56640625 0.22578125 0.028125 0.05078125
3 0.58984375 0.33671875 0.034375 0.13359375
3 0.6390625 0.33046875 0.03515625 0.090625
3 0.76484375 0.48671875 0.0421875 0.16171875
3 0.78125 0.40546875 0.034375 0.128125
3 0.82109375 0.3859375 0.02734375 0.10625
2 0.55703125 0.31640625 0.09765625 0.1421875
2 0.6234375 0.24921875 0.07265625 0.1328125
2 0.6828125 0.2140625 0.05390625 0.096875
2 0.71484375 0.18125 0.0421875 0.0828125
0 0.228170 0.519003 0.054807 0.193067
1 0.612236 0.757864 0.073222 0.195318
0 0.674373 0.555864 0.055543 0.189504
1 0.671718 0.630545 0.051428 0.157178
0 0.641032 0.327350 0.033706 0.085361
0 0.211987 0.687515 0.080391 0.159313
0 0.616283 0.671763 0.071877 0.221484
0 0.566349 0.226182 0.028046 0.048489
0 0.304452 0.510118 0.056793 0.116528
0 0.737670 0.588482 0.082294 0.207376
0 0.557360 0.577780 0.067878 0.167546
1 0.475853 0.485045 0.069439 0.134174
0 0.304081 0.606981 0.083268 0.159338
