2 0.4875 0.90390625 0.090625 0.19140625
2 0.45390625 0.61328125 0.0609375 0.11953125
2 0.5828125 0.67109375 0.071875 0.13046875
2 0.54296875 0.5921875 0.0625 0.1125
2 0.5078125 0.5265625 0.05234375 0.1
2 0.45234375 0.4859375 0.04296875 0.0765625
3 0.8578125 0.95859375 0.04140625 0.0828125
3 0.88359375 0.9421875 0.04921875 0.115625
3 0.83203125 0.87421875 0.0515625 0.1203125
3 0.6609375 0.8890625 0.04296875 0.1328125
3 0.625 0.9171875 0.0375 0.15
3 0.60078125 0.9671875 0.0484375 0.065625
3 0.58984375 0.90703125 0.03828125 0.1140625
3 0.58515625 0.82578125 0.0359375 0.11015625
3 0.6078125 0.7984375 0.0328125 0.115625
3 0.40703125 0.81640625 0.03125 0.1265625
3 0.47109375 0.76328125 0.05078125 0.08671875
3 0.39765625 0.67734375 0.02734375 0.11015625
3 0.3921875 0.5625 0.01875 0.07421875
3 0.66640625 0.64375 0.02734375 0.046875
2 0.73203125 0.82890625 0.19453125 0.34140625
3 0.365625 0.42421875 0.0140625 0.05625
3 0.35078125 0.41015625 0.01171875 0.05234375
3 0.4515625 0.40859375 0.01328125 0.0484375
3 0.40234375 0.34609375 0.01171875 0.0359375
3 0.334375 0.34296875 0.01015625 0.0375
3 0.365625 0.31328125 0.009375 0.03203125
2 0.396875 0.31328125 0.02265625 0.034375
0 0.664781 0.644909 0.019407 0.043240
0 0.709097 0.636227 0.016578 0.063788
0 0.563377 0.551029 0.021771 0.064981
0 0.391866 0.542115 0.016792 0.028251
0 0.876871 0.918326 0.027156 0.060049
0 0.769265 0.705860 0.020567 0.067618
0 0.589796 0.884387 0.029319 0.065203
0 0.404265 0.785465 0.027836 0.054329
1 0.405566 0.841217 0.026497 0.074843
