3 0.31796875 0.71875 0.1171875 0.29453125
3 0.6828125 0.77734375 0.09609375 0.32265625
3 0.72109375 0.5703125 0.06796875 0.18984375
3 0.52265625 0.48515625 0.0328125 0.17421875
3 0.3328125 0.53046875 0.09140625 0.19609375
3 0.28203125 0.4859375 0.07109375 0.21015625
3 0.3703125 0.403125 0.0546875 0.16015625
3 0.4125 0.34453125 0.0515625 0.1125
3 0.459375 0.30546875 0.0390625 0.08671875
2 0.46875 0.42734375 0.16328125 0.221875
2 0.58828125 0.55234375 0.17265625 0.29296875
2 0.725 0.38046875 0.1125 0.20859375
2 0.6484375 0.315625 0.08828125 0.146875
2 0.578125 0.2921875 0.09375 0.140625
2 0.69609375 0.19375 0.065625 0.1
0 0.488832 0.290697 0.034661 0.080422
0 0.523307 0.446038 0.036675 0.089421
