3 0.7171875 0.746875 0.08046875 0.35546875
3 0.3328125 0.475 0.0828125 0.20078125
3 0.4140625 0.540625 0.08046875 0.2328125
3 0.6109375 0.7203125 0.0703125 0.28828125
3 0.5109375 0.56484375 0.06953125 0.240625
3 0.5609375 0.65 0.07265625 0.26796875
3 0.3953125 0.39609375 0.0546875 0.16171875
3 0.48828125 0.4484375 0.05390625 0.1890625
2 0.7203125 0.27890625 0.1390625 0.31484375
3 0.32421875 0.4359375 0.06484375 0.1671875
3 0.42109375 0.446875 0.059375 0.171875
3 0.45625 0.3578125 0.0375 0.14296875
3 0.475 0.39453125 0.053125 0.1671875
0 0.806400 0.776929 0.061936 0.257662
0 0.572671 0.567776 0.050541 0.108162
0 0.511357 0.540267 0.060123 0.181827
0 0.717573 0.736977 0.084502 0.256429
0 0.611249 0.670716 0.065971 0.189573
0 0.324079 0.468949 0.062450 0.188416
1 0.410292 0.579637 0.074203 0.153395
0 0.422765 0.526907 0.057779 0.196122
