2 0.628125 0.4671875 0.15234375 0.2859375
2 0.72265625 0.16796875 0.04921875 0.0734375
2 0.60546875 0.28359375 0.13359375 0.22890625
3 0.07734375 0.79140625 0.153125 0.37890625
3 0.30703125 0.54609375 0.09453125 0.2421875
3 0.73125 0.7375 0.0671875 0.29765625
3 0.50859375 0.64140625 0.0859375 0.28359375
3 0.66875 0.6078125 0.06015625 0.2296875
3 0.5890625 0.7625 0.0890625 0.3171875
3 0.72734375 0.56484375 0.0546875 0.21015625
3 0.75703125 0.475 0.0453125 0.1984375
3 0.7359375 0.41328125 0.03828125 0.16875
3 0.7828125 0.41953125 0.025 0.1609375
3 0.8140625 0.4 0.01953125 0.1359375
3 0.7203125 0.36796875 0.03046875 0.14375
3 0.69375 0.30703125 0.02734375 0.08515625
3 0.7015625 0.24296875 0.025 0.08359375
3 0.7140625 0.28125 0.0234375 0.0828125
3 0.76015625 0.3328125 0.0265625 0.096875
0 0.662327 0.638013 0.067349 0.179925
0 0.756607 0.447523 0.044176 0.104011
0 0.069663 0.779277 0.079499 0.256645
0 0.304148 0.519758 0.055110 0.176091
1 0.076766 0.842454 0.153402 0.277830
0 0.505491 0.607232 0.064438 0.215434
0 0.723355 0.548871 0.062463 0.151990
1 0.496558 0.698473 0.061428 0.173864
