2 0.51640625 0.359375 0.115625 0.175
2 0.65546875 0.23828125 0.07578125 0.11796875
2 0.72265625 0.3359375 0.07578125 0.15078125
2 0.74921875 0.14140625 0.04453125 0.08828125
3 0.5453125 0.62890625 0.06484375 0.25859375
3 0.72265625 0.71484375 0.06875 0.28203125
3 0.615625 0.7234375 0.06484375 0.19609375
3 0.77578125 0.4359375 0.04375 0.1828125
3 0.728125 0.54765625 0.05859375 0.17421875
3 0.6140625 0.5375 0.05234375 0.2
3 0.64140625 0.46875 0.05390625 0.1984375
3 0.7359375 0.45 0.04453125 0.16640625
3 0.7421875 0.37265625 0.0375 0.09921875
0 0.717995 0.690421 0.078858 0.205132
0 0.547215 0.561122 0.059389 0.122994
0 0.833828 0.397055 0.025943 0.102514
1 0.718147 0.764365 0.076624 0.180826
0 0.737701 0.520258 0.040180 0.071303
1 0.616403 0.740403 0.065625 0.162663
0 0.617179 0.709256 0.069616 0.217265
