2 0.72890625 0.35703125 0.09921875 0.175
2 0.5953125 0.68359375 0.21484375 0.434375
2 0.684375 0.203125 0.0546875 0.0984375
2 0.58984375 0.28203125 0.08359375 0.1359375
3 0.30078125 0.50390625 0.07578125 0.203125
3 0.68671875 0.8421875 0.0953125 0.31171875
3 0.4671875 0.640625 0.07109375 0.28125
3 0.6171875 0.41875 0.04296875 0.13828125
3 0.653125 0.2359375 0.02578125 0.090625
3 0.24921875 0.46953125 0.0875 0.2
3 0.334375 0.39921875 0.0578125 0.14921875
3 0.42421875 0.54765625 0.08125 0.21171875
3 0.74453125 0.6640625 0.0625 0.23046875
3 0.515625 0.496875 0.05234375 0.1828125
3 0.5671875 0.48671875 0.0484375 0.1765625
3 0.75 0.52734375 0.05234375 0.16875
3 0.57109375 0.403125 0.03984375 0.146875
3 0.38671875 0.40078125 0.053125 0.1703125
3 0.42734375 0.340625 0.04375 0.10703125
2 0.4875 0.390625 0.14921875 0.23984375
0 0.691024 0.786420 0.086779 0.199626
1 0.232788 0.503484 0.055174 0.122586
0 0.295933 0.522315 0.063998 0.127567
0 0.387551 0.414118 0.047211 0.173573
1 0.478261 0.633481 0.096765 0.304048
