2 0.70390625 0.375 0.128125 0.21640625
3 0.3390625 0.53671875 0.09140625 0.2359375
3 0.50390625 0.9015625 0.1234375 0.19375
3 0.60859375 0.3515625 0.034375 0.15
3 0.6484375 0.225 0.02109375 0.09296875
3 0.52734375 0.428125 0.05390625 0.2046875
3 0.621875 0.6890625 0.07265625 0.2703125
3 0.7390625 0.16875 0.0171875 0.06328125
3 0.753125 0.140625 0.015625 0.0546875
3 0.79296875 0.43828125 0.034375 0.15859375
0 0.609557 0.334973 0.033831 0.101824
0 0.527287 0.422414 0.045765 0.109256
0 0.621897 0.638931 0.068389 0.169529
0 0.337577 0.517014 0.045293 0.189313
0 0.537048 0.365874 0.030787 0.052033
0 0.647624 0.234162 0.019918 0.047620
0 0.738506 0.174446 0.016940 0.052381
