2 0.63203125 0.4609375 0.15078125 0.28203125
3 0.50859375 0.63984375 0.084375 0.28359375
3 0.4015625 0.3671875 0.05546875 0.14921875
3 0.265625 0.4734375 0.084375 0.19453125
3 0.721875 0.15390625 0.0171875 0.06171875
3 0.6859375 0.20078125 0.025 0.08671875
3 0.7078125 0.56171875 0.0515625 0.1984375
3 0.77109375 0.5703125 0.05703125 0.234375
3 0.3328125 0.41640625 0.06796875 0.165625
3 0.46640625 0.3359375 0.0421875 0.13984375
3 0.50625 0.3078125 0.040625 0.1203125
3 0.678125 0.6859375 0.0765625 0.29375
1 0.676843 0.728066 0.072994 0.208326
0 0.702864 0.645391 0.058047 0.224172
0 0.687808 0.195605 0.018984 0.060587
1 0.466023 0.357867 0.039749 0.090536
