2 0.7359375 0.403125 0.0625 0.06328125
3 0.534375 0.45859375 0.021875 0.0796875
3 0.4234375 0.43125 0.01484375 0.0609375
3 0.44609375 0.38984375 0.01171875 0.05234375
3 0.421875 0.39375 0.0125 0.04296875
2 0.3984375 0.36171875 0.0265625 0.0421875
2 0.37421875 0.41640625 0.03828125 0.06796875
3 0.7796875 0.38359375 0.01875 0.0546875
3 0.80859375 0.37578125 0.01484375 0.0484375
3 0.83125 0.3890625 0.0171875 0.0546875
3 0.35 0.37890625 0.01171875 0.04375
0 0.532854 0.455484 0.019485 0.060169
1 0.534137 0.477921 0.021116 0.049662
0 0.780929 0.380187 0.019611 0.048652
0 0.810298 0.371840 0.015388 0.040910
0 0.831536 0.379121 0.016538 0.041970
1 0.422507 0.444339 0.017300 0.045538
1 0.831214 0.396851 0.017000 0.033612
