2 0.5828125 0.60625 0.115625 0.18125
2 0.2328125 0.59765625 0.18203125 0.15
2 0.49296875 0.51875 0.075 0.09921875
2 0.0359375 0.665625 0.07109375 0.21640625
3 0.6890625 0.57421875 0.02421875 0.11484375
3 0.740625 0.915625 0.10390625 0.16875
3 0.7125 0.5140625 0.01953125 0.11015625
3 0.6625 0.51015625 0.02421875 0.10859375
3 0.590625 0.4359375 0.03203125 0.0796875
3 0.5546875 0.4453125 0.025 0.06953125
3 0.51328125 0.45625 0.0234375 0.059375
3 0.4703125 0.4453125 0.0265625 0.0546875
3 0.68125 0.403125 0.02109375 0.0515625
3 0.69375 0.41328125 0.02265625 0.06328125
3 0.7078125 0.45078125 0.025 0.0671875
3 0.7421875 0.4046875 0.02109375 0.0515625
3 0.78203125 0.38671875 0.02109375 0.0546875
0 0.741991 0.402615 0.015702 0.041736
0 0.756303 0.924372 0.059390 0.150286
0 0.783294 0.385683 0.017577 0.044178
0 0.663610 0.495209 0.024366 0.071201
1 0.152715 0.620309 0.043417 0.057863
0 0.688381 0.559209 0.028958 0.064883
1 0.687813 0.598422 0.026384 0.052310
1 0.662557 0.530293 0.017543 0.040152
0 0.153047 0.588372 0.026777 0.088330
0 0.587836 0.432572 0.026038 0.056789
0 0.557751 0.424617 0.019348 0.037086
