2 0.5828125 0.315625 0.1171875 0.14453125
2 0.3859375 0.46875 0.20703125 0.284375
2 0.63046875 0.62578125 0.190625 0.36796875
2 0.74140625 0.31640625 0.07734375 0.175
2 0.71328125 0.18671875 0.0515625 0.078125
2 0.64921875 0.2390625 0.06796875 0.11484375
2 0.76015625 0.134375 0.01875 0.04609375
3 0.7421875 0.69296875 0.06796875 0.28984375
3 0.4953125 0.6078125 0.06953125 0.25
3 0.66171875 0.39453125 0.05078125 0.1109375
3 0.43984375 0.5390625 0.08125 0.23515625
3 0.70390625 0.3890625 0.04375 0.15390625
3 0.51953125 0.465625 0.05234375 0.17265625
3 0.72890625 0.4625 0.0421875 0.18125
3 0.54375 0.3890625 0.0390625 0.15625
3 0.50390625 0.35234375 0.0375 0.1328125
3 0.5015625 0.45 0.0453125 0.1828125
0 0.731701 0.461151 0.041343 0.164458
0 0.440712 0.519081 0.065912 0.138883
0 0.744351 0.617902 0.064152 0.137232
0 0.521166 0.483893 0.051946 0.188170
0 0.542811 0.360367 0.038942 0.095392
1 0.496603 0.649524 0.074898 0.174734
