2 0.52265625 0.41953125 0.07421875 0.06171875
3 0.54609375 0.5625 0.04375 0.11796875
3 0.28125 0.51484375 0.034375 0.0765625
3 0.42421875 0.60078125 0.06171875 0.1203125
3 0.6328125 0.5 0.0421875 0.0921875
3 0.73671875 0.446875 0.02421875 0.1
3 0.140625 0.5875 0.059375 0.11484375
3 0.3578125 0.4515625 0.0234375 0.06953125
3 0.3515625 0.40390625 0.0140625 0.053125
3 0.36484375 0.3765625 0.0109375 0.0421875
3 0.4 0.39375 0.01328125 0.0453125
0 0.429064 0.591091 0.046650 0.105917
1 0.423694 0.627132 0.056158 0.074606
0 0.547697 0.552163 0.037779 0.095896
1 0.546417 0.587228 0.042812 0.072733
0 0.736779 0.442858 0.024968 0.067386
0 0.280993 0.504317 0.031044 0.055799
0 0.231563 0.500169 0.016125 0.034823
1 0.281750 0.533368 0.035583 0.041472
0 0.136710 0.568518 0.030117 0.069869
1 0.735948 0.459078 0.025786 0.042743
1 0.136703 0.596609 0.056778 0.064865
1 0.630410 0.525684 0.030551 0.051316
0 0.820883 0.474741 0.016821 0.092816
