2 0.62578125 0.50078125 0.17265625 0.30703125
2 0.53046875 0.35390625 0.10390625 0.15546875
2 0.615625 0.28203125 0.08203125 0.12578125
2 0.7109375 0.34375 0.0875 0.15078125
2 0.40078125 0.46171875 0.18203125 0.27421875
2 0.75546875 0.1453125 0.02734375 0.05546875
3 0.4734375 0.52734375 0.06640625 0.23828125
3 0.67890625 0.72890625 0.07421875 0.31875
3 0.75625 0.4984375 0.04453125 0.20703125
3 0.7265625 0.57109375 0.05078125 0.21953125
3 0.765625 0.371875 0.0359375 0.10078125
3 0.29140625 0.47421875 0.07421875 0.20234375
3 0.34375 0.39140625 0.03984375 0.1171875
1 0.678108 0.782330 0.072390 0.210300
1 0.473342 0.566537 0.067834 0.165406
0 0.840746 0.541161 0.050068 0.182512
0 0.472256 0.507981 0.060393 0.188166
0 0.291005 0.471389 0.054527 0.194167
1 0.282422 0.508240 0.061408 0.130699
0 0.727642 0.565406 0.049488 0.181326
0 0.681902 0.685949 0.072731 0.222832
0 0.767710 0.356023 0.033200 0.059072
0 0.344051 0.389381 0.044824 0.112329
0 0.761871 0.422617 0.037361 0.100126
