2 0.60078125 0.44375 0.0734375 0.0640625
2 0.446875 0.48515625 0.10078125 0.103125
2 0.7390625 0.40859375 0.065625 0.06171875
2 0.03203125 0.64765625 0.0625 0.1109375
3 0.80078125 0.46484375 0.02265625 0.08046875
3 0.70078125 0.4296875 0.02421875 0.06484375
3 0.803125 0.378125 0.02265625 0.05234375
3 0.69140625 0.4 0.021875 0.04921875
3 0.41953125 0.37421875 0.01171875 0.04140625
3 0.40703125 0.375 0.0109375 0.0421875
3 0.34296875 0.35625 0.01015625 0.0390625
0 0.802813 0.374632 0.017244 0.039219
0 0.800365 0.463777 0.023617 0.069931
0 0.690206 0.400520 0.017782 0.051380
0 0.232029 0.499701 0.015590 0.034053
