2 0.29140625 0.56015625 0.18203125 0.1640625
2 0.5625 0.46328125 0.08671875 0.1078125
2 0.6203125 0.38515625 0.065625 0.08203125
2 0.675 0.3390625 0.040625 0.059375
2 0.6859375 0.30546875 0.03125 0.0421875
2 0.73984375 0.2671875 0.02109375 0.0328125
3 0.5109375 0.44765625 0.02265625 0.08515625
3 0.55703125 0.3921875 0.02265625 0.04296875
3 0.65 0.3296875 0.0109375 0.05234375
3 0.7203125 0.27734375 0.00625 0.03515625
3 0.7484375 0.278125 0.00859375 0.034375
0 0.607697 0.335208 0.028520 0.039565
0 0.511543 0.442894 0.023161 0.074000
0 0.719180 0.280775 0.006860 0.018230
