2 0.215625 0.3515625 0.01953125 0.02578125
2 0.21953125 0.37734375 0.0265625 0.03984375
2 0.27734375 0.415625 0.04140625 0.05703125
3 0.17734375 0.46484375 0.02578125 0.07890625
3 0.19765625 0.38203125 0.01171875 0.04453125
3 0.3171875 0.42265625 0.015625 0.0609375
3 0.346875 0.43125 0.0171875 0.06484375
3 0.38515625 0.46328125 0.0296875 0.0796875
3 0.40546875 0.48984375 0.03203125 0.09765625
3 0.45078125 0.484375 0.03203125 0.09296875
3 0.51328125 0.52265625 0.03671875 0.1046875
3 0.575 0.60703125 0.05078125 0.14921875
0 0.574027 0.594211 0.046592 0.118689
0 0.511737 0.513270 0.031594 0.080967
1 0.452874 0.501146 0.030105 0.055327
0 0.345837 0.425698 0.017762 0.049671
0 0.452908 0.475240 0.029268 0.075119
0 0.405853 0.484645 0.027215 0.074406
0 0.377355 0.421406 0.014794 0.050565
1 0.406405 0.508001 0.030097 0.061053
0 0.196884 0.381721 0.011871 0.037820
