2 0.3515625 0.23984375 0.0390625 0.059375
2 0.503125 0.3359375 0.1109375 0.12421875
3 0.33359375 0.3078125 0.02421875 0.05078125
3 0.38203125 0.43125 0.03671875 0.0765625
3 0.37734375 0.49453125 0.0359375 0.090625
3 0.55625 0.609375 0.053125 0.15859375
3 0.48359375 0.621875 0.05546875 0.15625
3 0.44765625 0.7203125 0.059375 0.19765625
3 0.61875 0.8234375 0.08515625 0.2171875
3 0.88046875 0.4046875 0.0265625 0.0734375
3 0.80703125 0.4984375 0.03515625 0.13046875
3 0.875 0.51015625 0.03046875 0.11015625
3 0.896875 0.7046875 0.053125 0.17109375
3 0.95234375 0.5859375 0.040625 0.1375
3 0.9828125 0.965625 0.034375 0.06875
0 0.447731 0.699029 0.045779 0.122408
1 0.804007 0.520899 0.028211 0.045735
0 0.334296 0.299736 0.017122 0.044736
0 0.807360 0.485388 0.032717 0.081151
0 0.881758 0.406473 0.019395 0.046569
1 0.453308 0.759624 0.046484 0.084511
