3 0.2609375 0.64375 0.08125 0.12890625
3 0.49140625 0.5515625 0.0765625 0.128125
3 0.58046875 0.4 0.06328125 0.08203125
3 0.39921875 0.34375 0.040625 0.0875
3 0.32890625 0.315625 0.02578125 0.0921875
3 0.36015625 0.29765625 0.021875 0.05234375
3 0.95390625 0.42734375 0.0375 0.084375
3 0.775 0.43671875 0.040625 0.06640625
2 0.72890625 0.54140625 0.178125 0.17734375
2 0.965625 0.49140625 0.06875 0.1328125
0 0.491434 0.541041 0.047364 0.105293
0 0.774402 0.436806 0.031290 0.046870
0 0.957785 0.421134 0.020260 0.049496
