2 0.1046875 0.64296875 0.19453125 0.15625
2 0.778125 0.39375 0.06015625 0.0671875
3 0.36875 0.56875 0.05625 0.115625
3 0.46015625 0.4875 0.0359375 0.0765625
3 0.53984375 0.46328125 0.03046875 0.08671875
3 0.5453125 0.43203125 0.02890625 0.07421875
3 0.36171875 0.45078125 0.0203125 0.05859375
2 0.35859375 0.38984375 0.02578125 0.05390625
3 0.02265625 0.70859375 0.0453125 0.1046875
2 0.41015625 0.38046875 0.02890625 0.05078125
0 0.458821 0.479499 0.032553 0.061205
0 0.367872 0.562486 0.033548 0.090089
1 0.537646 0.501494 0.029895 0.049138
1 0.369118 0.591832 0.055081 0.067848
1 0.461559 0.502886 0.034953 0.045955
1 0.360766 0.449084 0.015616 0.056322
0 0.429876 0.382801 0.013707 0.040687
