3 0.90859375 0.51875 0.0359375 0.1140625
3 0.84296875 0.471875 0.02890625 0.1125
3 0.8953125 0.43203125 0.025 0.0859375
3 0.96484375 0.40234375 0.02734375 0.04921875
3 0.9546875 0.36328125 0.02734375 0.05078125
3 0.39296875 0.2921875 0.0265625 0.06328125
3 0.3625 0.26796875 0.01875 0.0421875
3 0.36953125 0.30546875 0.0203125 0.04921875
3 0.346875 0.290625 0.01875 0.06015625
3 0.33828125 0.3640625 0.02421875 0.07109375
3 0.32421875 0.3015625 0.0234375 0.059375
3 0.290625 0.28984375 0.0125 0.05625
2 0.290625 0.2515625 0.028125 0.065625
0 0.321856 0.302141 0.016223 0.051535
