2 0.79375 0.44140625 0.1296875 0.11640625
3 0.60546875 0.4984375 0.0734375 0.12734375
3 0.37109375 0.39140625 0.03515625 0.07890625
3 0.3328125 0.45078125 0.0578125 0.0953125
3 0.29921875 0.53125 0.08125 0.1046875
3 0.31640625 0.65703125 0.0984375 0.1234375
3 0.390625 0.71875 0.1171875 0.15078125
3 0.83515625 0.37578125 0.04921875 0.08359375
3 0.39453125 0.29375 0.021875 0.06796875
3 0.334375 0.275 0.01875 0.04921875
3 0.3453125 0.29140625 0.01953125 0.06484375
3 0.365625 0.2984375 0.02109375 0.04765625
3 0.3765625 0.2796875 0.01796875 0.05
2 0.35859375 0.246875 0.046875 0.06484375
0 0.381894 0.708975 0.054173 0.118760
0 0.605904 0.480070 0.057465 0.087773
0 0.311802 0.652258 0.036634 0.086320
