2 0.121875 0.63515625 0.1515625 0.1359375
2 0.02734375 0.6421875 0.0546875 0.12265625
3 0.86015625 0.6375 0.0453125 0.153125
3 0.41796875 0.49140625 0.03671875 0.08046875
3 0.53984375 0.446875 0.02734375 0.05859375
3 0.6109375 0.440625 0.03125 0.06484375
3 0.63203125 0.425 0.02734375 0.05546875
3 0.709375 0.40078125 0.02421875 0.053125
3 0.75546875 0.39921875 0.02109375 0.06171875
3 0.778125 0.38515625 0.01875 0.05078125
2 0.38203125 0.465625 0.0578125 0.0734375
0 0.332604 0.945987 0.099654 0.107472
0 0.538723 0.449997 0.028990 0.047469
0 0.629148 0.421016 0.022801 0.054431
