2 0.43671875 0.39140625 0.159375 0.228125
2 0.57734375 0.69296875 0.24296875 0.54296875
2 0.73125 0.34375 0.0921875 0.15859375
2 0.59765625 0.2765625 0.08671875 0.121875
2 0.06875 0.8109375 0.13671875 0.3703125
3 0.69375 0.8390625 0.07890625 0.3140625
3 0.31796875 0.82421875 0.12265625 0.3484375
3 0.65078125 0.35234375 0.04453125 0.15
3 0.24921875 0.66640625 0.11796875 0.328125
3 0.69765625 0.2515625 0.02890625 0.10078125
3 0.13203125 0.896875 0.15703125 0.20234375
3 0.6078125 0.39453125 0.04296875 0.1125
3 0.76796875 0.53828125 0.0421875 0.21953125
3 0.525 0.515625 0.06171875 0.21640625
2 0.68984375 0.18984375 0.0546875 0.09375
2 0.7359375 0.16015625 0.0375 0.0625
2 0.7546875 0.1328125 0.0296875 0.0625
2 0.75078125 0.240625 0.025 0.07265625
0 0.245783 0.646393 0.071611 0.224559
0 0.607552 0.391542 0.039850 0.107821
0 0.651921 0.321106 0.034059 0.084566
1 0.766472 0.573816 0.037772 0.151250
1 0.694072 0.899773 0.076858 0.199892
0 0.695542 0.810642 0.077887 0.251419
1 0.649275 0.367139 0.033460 0.069127
0 0.108361 0.901496 0.094314 0.196346
