2 0.49765625 0.7046875 0.478125 0.590625
2 0.12890625 0.8375 0.25703125 0.30859375
3 0.18046875 0.56015625 0.05703125 0.1015625
2 0.33828125 0.5234375 0.13359375 0.1171875
2 0.496875 0.4859375 0.0953125 0.1203125
2 0.63359375 0.33984375 0.03515625 0.0546875
2 0.72265625 0.325 0.03125 0.0484375
2 0.76484375 0.3390625 0.03359375 0.0609375
2 0.7421875 0.29765625 0.0234375 0.04296875
3 0.57109375 0.39921875 0.0203125 0.07734375
3 0.6203125 0.38203125 0.021875 0.05625
3 0.659375 0.3625 0.01640625 0.0578125
3 0.66796875 0.3328125 0.0125 0.046875
3 0.68515625 0.33125 0.0109375 0.0578125
3 0.7015625 0.378125 0.0140625 0.05625
3 0.7328125 0.42578125 0.015625 0.0875
3 0.74375 0.48359375 0.028125 0.1140625
3 0.7734375 0.41640625 0.021875 0.084375
3 0.7625 0.37734375 0.01875 0.06875
0 0.659832 0.361858 0.017831 0.042564
0 0.570767 0.393083 0.018957 0.052204
1 0.186821 0.577015 0.049412 0.041139
0 0.744077 0.469440 0.028007 0.071448
0 0.190705 0.563863 0.020830 0.051141
0 0.619510 0.385652 0.021440 0.043311
0 0.733079 0.420960 0.018301 0.052449
1 0.743513 0.499707 0.029828 0.056200
1 0.570995 0.418011 0.017782 0.042958
