3 0.0875 0.69765625 0.05625 0.0984375
3 0.2453125 0.95625 0.05859375 0.08671875
3 0.43125 0.85625 0.05078125 0.140625
3 0.4671875 0.73203125 0.04140625 0.1296875
3 0.55625 0.65390625 0.0328125 0.10546875
3 0.45234375 0.5734375 0.040625 0.0890625
3 0.53984375 0.5296875 0.03125 0.07265625
3 0.54765625 0.59453125 0.02890625 0.08828125
3 0.58984375 0.596875 0.0265625 0.09453125
3 0.60390625 0.5375 0.02421875 0.071875
2 0.353125 0.74765625 0.14453125 0.24609375
2 0.63046875 0.4296875 0.065625 0.09375
3 0.66171875 0.31171875 0.01796875 0.046875
0 0.468275 0.721867 0.033134 0.081909
0 0.088544 0.688793 0.030340 0.078313
1 0.465515 0.762182 0.036807 0.073281
0 0.548870 0.582176 0.027317 0.050753
0 0.518948 0.415588 0.014976 0.042833
1 0.554184 0.675250 0.030655 0.057524
0 0.557926 0.654618 0.026287 0.054279
