3 0.40546875 0.965625 0.0671875 0.06875
3 0.1859375 0.8265625 0.053125 0.115625
3 0.11171875 0.61484375 0.05546875 0.08125
2 0.209375 0.6296875 0.121875 0.09921875
2 0.37890625 0.55703125 0.11328125 0.10234375
2 0.60234375 0.446875 0.06953125 0.10703125
3 0.5515625 0.49765625 0.03828125 0.0703125
3 0.58828125 0.5125 0.025 0.075
3 0.69140625 0.4203125 0.01875 0.0609375
3 0.71328125 0.4109375 0.01875 0.05703125
3 0.66328125 0.41484375 0.015625 0.04609375
3 0.628125 0.4984375 0.01796875 0.06015625
0 0.106282 0.609461 0.024264 0.066091
1 0.110600 0.631390 0.054836 0.044555
0 0.006243 0.604481 0.012456 0.054224
