3 0.3578125 0.9640625 0.06953125 0.071875
3 0.4296875 0.87421875 0.0734375 0.1265625
3 0.04609375 0.6921875 0.0375 0.096875
3 0.38359375 0.53203125 0.0375 0.0765625
3 0.53046875 0.5125 0.03984375 0.0828125
3 0.62109375 0.478125 0.02734375 0.06875
3 0.665625 0.45390625 0.0140625 0.075
3 0.68671875 0.43359375 0.015625 0.059375
3 0.70390625 0.4125 0.02109375 0.059375
3 0.69453125 0.39375 0.01640625 0.04375
2 0.609375 0.43828125 0.0578125 0.08984375
0 0.044984 0.693722 0.038158 0.088098
0 0.373217 0.531155 0.024917 0.069514
0 0.462605 0.411769 0.012454 0.040917
0 0.518976 0.414164 0.015806 0.045257
0 0.381592 0.542794 0.038370 0.054727
