2 0.0265625 0.93125 0.053125 0.11953125
3 0.0703125 0.796875 0.07109375 0.109375
3 0.28984375 0.6484375 0.04375 0.09375
3 0.30234375 0.590625 0.0453125 0.0703125
2 0.209375 0.60859375 0.12421875 0.11484375
2 0.44453125 0.5234375 0.08828125 0.10234375
2 0.60234375 0.44609375 0.06953125 0.10625
3 0.58828125 0.5109375 0.02734375 0.0796875
3 0.6203125 0.49296875 0.0265625 0.08203125
3 0.5265625 0.434375 0.0234375 0.059375
3 0.58359375 0.3890625 0.0171875 0.05546875
3 0.60234375 0.36015625 0.0140625 0.053125
3 0.69140625 0.4234375 0.01953125 0.05859375
3 0.71484375 0.4109375 0.0203125 0.05390625
3 0.70078125 0.39140625 0.0171875 0.05390625
0 0.584015 0.389861 0.017253 0.051918
0 0.289867 0.635671 0.031433 0.063766
0 0.375304 0.481942 0.020792 0.057875
0 0.518953 0.415435 0.018148 0.046891
0 0.058482 0.790456 0.039493 0.081792
