3 0.33203125 0.83125 0.03828125 0.1328125
3 0.43984375 0.790625 0.040625 0.13671875
3 0.3984375 0.62109375 0.034375 0.090625
3 0.44453125 0.50234375 0.028125 0.0703125
3 0.48203125 0.4359375 0.02421875 0.065625
3 0.61953125 0.47421875 0.02421875 0.075
3 0.60859375 0.3609375 0.01953125 0.05078125
3 0.56484375 0.3359375 0.0296875 0.0484375
2 0.6375 0.4203125 0.0625 0.08984375
2 0.69140625 0.41640625 0.0578125 0.0765625
2 0.70234375 0.34375 0.03515625 0.05546875
0 0.443770 0.781886 0.025042 0.088687
0 0.399276 0.616647 0.025464 0.080774
0 0.332279 0.823859 0.036367 0.099033
1 0.337349 0.869511 0.024806 0.054865
0 0.518560 0.414386 0.015545 0.043633
1 0.392756 0.829419 0.035610 0.042184
1 0.518338 0.415978 0.016016 0.042362
