3 0.028125 0.60703125 0.0453125 0.09375
3 0.403125 0.7328125 0.03203125 0.11015625
3 0.58984375 0.7046875 0.03359375 0.13203125
3 0.65078125 0.81328125 0.040625 0.14296875
3 0.55859375 0.4234375 0.02421875 0.06015625
3 0.565625 0.37734375 0.02578125 0.0484375
3 0.62109375 0.4765625 0.0234375 0.06875
2 0.63828125 0.41796875 0.0609375 0.08671875
2 0.69140625 0.41171875 0.0578125 0.078125
2 0.70390625 0.3421875 0.03359375 0.053125
0 0.591139 0.690649 0.032583 0.091212
0 0.401112 0.716882 0.029794 0.084413
0 0.014736 0.594859 0.019997 0.064669
1 0.589534 0.726374 0.028630 0.077913
0 0.558458 0.418460 0.020396 0.049213
0 0.518895 0.414529 0.015859 0.043986
