3 0.72265625 0.9328125 0.0609375 0.134375
3 0.59453125 0.7671875 0.02890625 0.13515625
3 0.5953125 0.659375 0.028125 0.1
3 0.6203125 0.5546875 0.02578125 0.08125
3 0.33125 0.55546875 0.04765625 0.078125
3 0.146875 0.61171875 0.05546875 0.08125
3 0.05 0.61171875 0.0421875 0.07734375
3 0.70234375 0.40625 0.01640625 0.06171875
2 0.6078125 0.44765625 0.05703125 0.08828125
2 0.675 0.3984375 0.05703125 0.08359375
0 0.491854 0.313337 0.011685 0.025024
0 0.518748 0.416071 0.015293 0.041809
0 0.320371 0.556325 0.028749 0.065912
