3 0.1453125 0.92734375 0.065625 0.1453125
3 0.25859375 0.93359375 0.0578125 0.1328125
3 0.28671875 0.82890625 0.053125 0.09921875
3 0.4265625 0.828125 0.04921875 0.13984375
3 0.38828125 0.7140625 0.04375 0.1125
3 0.41484375 0.76484375 0.04765625 0.13046875
3 0.471875 0.65546875 0.03671875 0.103125
3 0.6109375 0.7109375 0.025 0.12265625
3 0.58984375 0.61328125 0.0296875 0.09921875
3 0.54375 0.61328125 0.02890625 0.0953125
3 0.54140625 0.54765625 0.03828125 0.0828125
3 0.6234375 0.55234375 0.02734375 0.0859375
3 0.6203125 0.50625 0.0203125 0.07890625
3 0.665625 0.43828125 0.0125 0.06484375
3 0.69375 0.409375 0.021875 0.07109375
3 0.71875 0.42109375 0.01328125 0.0484375
2 0.609375 0.44375 0.0484375 0.10859375
2 0.54453125 0.3328125 0.0625 0.05625
2 0.6734375 0.371875 0.0546875 0.0796875
0 0.590201 0.596538 0.030204 0.067955
0 0.257394 0.928225 0.039013 0.108952
1 0.245349 0.963441 0.034957 0.072266
0 0.163458 0.904220 0.025434 0.095490
0 0.518648 0.417454 0.016604 0.046685
1 0.587734 0.632046 0.027482 0.060075
1 0.539834 0.632786 0.024553 0.059191
