3 0.5578125 0.52109375 0.025 0.0890625
3 0.58984375 0.525 0.03125 0.0828125
3 0.61796875 0.48671875 0.021875 0.07421875
3 0.5640625 0.40390625 0.025 0.06015625
3 0.665625 0.44296875 0.015625 0.07421875
3 0.6890625 0.4234375 0.0171875 0.06484375
2 0.628125 0.4375 0.065625 0.1
2 0.67421875 0.37578125 0.05546875 0.090625
2 0.7140625 0.33203125 0.02421875 0.05546875
3 0.6890625 0.28984375 0.01484375 0.04375
3 0.709375 0.3953125 0.0171875 0.0515625
0 0.562024 0.397806 0.018433 0.043794
0 0.519358 0.414256 0.015904 0.044242
1 0.590492 0.534134 0.031173 0.061982
