2 0.2578125 0.8453125 0.16953125 0.24921875
2 0.5734375 0.634375 0.0828125 0.15390625
2 0.596875 0.47421875 0.0734375 0.1109375
3 0.334375 0.65859375 0.05703125 0.1
3 0.43046875 0.4921875 0.03515625 0.07734375
3 0.44375 0.5828125 0.046875 0.08984375
3 0.62109375 0.52421875 0.02578125 0.08359375
2 0.70859375 0.34609375 0.0203125 0.0578125
0 0.329210 0.649722 0.028790 0.076548
0 0.423812 0.487003 0.021639 0.059130
1 0.332874 0.673921 0.056133 0.063457
1 0.424476 0.508922 0.020049 0.042425
0 0.441130 0.575192 0.024514 0.063615
0 0.720152 0.409378 0.010960 0.031730
0 0.518763 0.416255 0.015877 0.039967
